0 0.526367 0.827148 0.033203 0.033203
0 0.526367 0.884766 0.033203 0.031250
0 0.767578 0.900391 0.066406 0.054688
0 0.914062 0.900391 0.062500 0.050781
0 0.918945 0.774414 0.056641 0.052734
0 0.745117 0.750000 0.029297 0.027344
0 0.744141 0.801758 0.031250 0.025391
0 0.796875 0.750000 0.031250 0.031250
0 0.795898 0.802734 0.033203 0.027344
0 0.871094 0.818359 0.035156 0.027344
0 0.867188 0.863281 0.031250 0.023438
0 0.817383 0.862305 0.033203 0.025391
0 0.817383 0.936523 0.033203 0.025391
0 0.864258 0.937500 0.033203 0.023438
0 0.574219 0.664062 0.023438 0.023438
0 0.606445 0.664062 0.029297 0.023438
0 0.605469 0.698242 0.027344 0.025391
0 0.574219 0.697266 0.027344 0.023438
0 0.573242 0.732422 0.029297 0.023438
0 0.605469 0.731445 0.027344 0.025391
0 0.574219 0.764648 0.027344 0.025391
1 0.514648 0.625977 0.044922 0.013672
1 0.714844 0.616211 0.023438 0.052734
