0 0.078125 0.525391 0.089844 0.082031
0 0.261719 0.527344 0.089844 0.082031
0 0.081055 0.668945 0.083984 0.080078
0 0.259766 0.669922 0.089844 0.082031
0 0.405273 0.613281 0.068359 0.058594
0 0.404297 0.721680 0.066406 0.060547
0 0.264648 0.815430 0.087891 0.080078
0 0.405273 0.832031 0.068359 0.062500
0 0.337891 0.974609 0.128906 0.050781
0 0.639648 0.979492 0.115234 0.037109
0 0.888672 0.981445 0.109375 0.041016
0 0.640625 0.762695 0.109375 0.099609
0 0.639648 0.546875 0.111328 0.097656
0 0.763672 0.545898 0.109375 0.095703
0 0.887695 0.549805 0.111328 0.099609
2 0.084961 0.978516 0.111328 0.039062
