0 0.730469 0.112305 0.078125 0.068359
0 0.731445 0.201172 0.076172 0.066406
0 0.439453 0.511719 0.066406 0.054688
0 0.316406 0.619141 0.066406 0.054688
0 0.442383 0.619141 0.064453 0.054688
0 0.383789 0.974609 0.130859 0.050781
2 0.388672 0.151367 0.089844 0.083984
2 0.546875 0.154297 0.089844 0.082031
2 0.392578 0.316406 0.085938 0.074219
2 0.547852 0.319336 0.087891 0.083984
2 0.387695 0.764648 0.138672 0.126953
2 0.655273 0.763672 0.138672 0.125000
2 0.086914 0.980469 0.111328 0.039062
2 0.655273 0.975586 0.134766 0.048828
