0 0.732422 0.255859 0.070312 0.062500
0 0.732422 0.364258 0.066406 0.056641
0 0.776367 0.492188 0.083984 0.082031
0 0.983398 0.527344 0.033203 0.082031
0 0.981445 0.668945 0.033203 0.076172
0 0.772461 0.815430 0.087891 0.076172
0 0.770508 0.957031 0.087891 0.074219
0 0.131836 0.742188 0.033203 0.027344
0 0.164062 0.765625 0.027344 0.027344
0 0.197266 0.799805 0.035156 0.025391
0 0.132812 0.799805 0.031250 0.025391
0 0.275391 0.766602 0.031250 0.029297
0 0.308594 0.800781 0.035156 0.027344
0 0.242188 0.800781 0.035156 0.027344
0 0.274414 0.873047 0.044922 0.042969
0 0.242188 0.904297 0.035156 0.027344
0 0.309570 0.904297 0.033203 0.027344
0 0.274414 0.978516 0.048828 0.039062
0 0.162109 0.979492 0.046875 0.037109
0 0.416016 0.975586 0.035156 0.029297
0 0.497070 0.975586 0.037109 0.033203
0 0.418945 0.901367 0.029297 0.029297
0 0.420898 0.750977 0.029297 0.029297
0 0.497070 0.749023 0.029297 0.029297
0 0.496094 0.825195 0.027344 0.025391
0 0.419922 0.825195 0.031250 0.029297
