0 0.769531 0.221680 0.062500 0.052734
0 0.724609 0.134766 0.035156 0.031250
0 0.915039 0.096680 0.064453 0.052734
0 0.913086 0.221680 0.060547 0.052734
0 0.768555 0.344727 0.060547 0.056641
0 0.915039 0.345703 0.060547 0.054688
0 0.766602 0.468750 0.056641 0.054688
0 0.914062 0.469727 0.058594 0.052734
0 0.968750 0.731445 0.058594 0.052734
0 0.768555 0.628906 0.041016 0.035156
0 0.771484 0.674805 0.039062 0.033203
0 0.816406 0.673828 0.035156 0.035156
0 0.768555 0.722656 0.041016 0.031250
0 0.816406 0.721680 0.039062 0.033203
