0 0.044922 0.730469 0.058594 0.050781
0 0.008789 0.474609 -0.017578 -0.050781
0 0.164062 0.474609 0.046875 0.042969
0 0.458984 0.469727 0.062500 0.052734
0 0.161133 0.369141 0.048828 0.042969
0 0.274414 0.370117 0.048828 0.044922
0 0.459961 0.345703 0.064453 0.050781
0 0.009766 0.347656 -0.015625 -0.050781
0 0.163086 0.266602 0.048828 0.044922
0 0.275391 0.266602 0.050781 0.041016
0 0.458984 0.218750 0.062500 0.054688
0 0.009766 0.222656 -0.015625 -0.046875
0 0.007812 0.097656 -0.015625 -0.046875
0 0.162109 0.050781 0.046875 0.039062
0 0.275391 0.051758 0.046875 0.041016
0 0.276367 0.159180 0.048828 0.041016
0 0.416016 0.048828 0.035156 0.031250
0 0.497070 0.046875 0.037109 0.031250
0 0.498047 0.122070 0.031250 0.025391
0 0.772461 0.174805 0.087891 0.080078
0 0.771484 0.035156 -0.089844 -0.066406
2 0.977539 0.083008 0.041016 0.095703
2 0.980469 0.640625 0.039062 0.097656
2 0.965820 0.888672 0.064453 0.136719
