0 0.334961 0.082031 0.134766 0.121094
0 0.333984 0.333984 0.113281 0.105469
0 0.638672 0.083984 0.121094 0.101562
0 0.885742 0.083984 0.111328 0.101562
0 0.639648 0.334961 0.119141 0.107422
0 0.887695 0.333984 0.115234 0.101562
0 0.638672 0.641602 0.128906 0.119141
0 0.889648 0.639648 0.138672 0.119141
0 0.639648 0.885742 0.111328 0.103516
0 0.886719 0.888672 0.113281 0.105469
2 0.088867 0.083008 0.115234 0.103516
2 0.087891 0.637695 0.109375 0.103516
2 0.079102 0.885742 0.138672 0.130859
2 0.333008 0.885742 0.115234 0.107422
