0 0.245117 0.342773 0.126953 0.123047
0 0.248047 0.640625 0.109375 0.105469
0 0.496094 0.333008 0.117188 0.099609
0 0.006836 0.083984 -0.017578 -0.074219
0 0.007812 0.334961 -0.011719 -0.068359
0 0.014648 0.642578 -0.025391 -0.101562
0 0.008789 0.887695 -0.013672 -0.072266
2 0.500977 0.886719 0.142578 0.132812
2 0.496094 0.641602 0.148438 0.130859
2 0.766602 0.641602 0.115234 0.107422
2 0.767578 0.886719 0.117188 0.101562
2 0.767578 0.332031 0.117188 0.105469
2 0.768555 0.085938 0.115234 0.105469
2 0.976562 0.087891 0.039062 0.101562
2 0.979492 0.642578 0.041016 0.097656
2 0.979492 0.895508 0.037109 0.107422
