0 0.383789 0.086914 0.138672 0.130859
0 0.652344 0.643555 0.128906 0.123047
0 0.939453 0.314453 0.039062 0.035156
0 0.941406 0.373047 0.035156 0.035156
2 0.086914 0.085938 0.111328 0.101562
2 0.383789 0.333984 0.134766 0.125000
2 0.654297 0.084961 0.140625 0.123047
2 0.653320 0.333008 0.134766 0.130859
2 0.088867 0.642578 0.119141 0.101562
2 0.084961 0.891602 0.111328 0.099609
2 0.385742 0.641602 0.134766 0.123047
2 0.385742 0.890625 0.134766 0.125000
2 0.652344 0.890625 0.128906 0.125000
2 0.982422 0.764648 0.031250 0.158203
