0 0.083984 0.209961 0.074219 0.072266
0 0.084961 0.500000 0.111328 0.101562
0 0.582031 0.148438 0.066406 0.062500
0 0.719727 0.150391 0.072266 0.066406
2 0.385742 0.210938 -0.119141 -0.105469
2 0.386719 0.501953 0.113281 0.105469
2 0.355469 0.730469 0.171875 0.160156
2 0.584961 0.782227 0.083984 0.076172
2 0.718750 0.784180 0.089844 0.080078
2 0.717773 0.592773 0.083984 0.083984
2 0.583984 0.276367 0.054688 0.060547
2 0.963867 0.174805 0.072266 0.255859
2 0.378906 0.012695 -0.109375 -0.021484
2 0.648438 0.012695 -0.089844 -0.021484
