0 0.067383 0.404297 0.029297 0.031250
0 0.151367 0.325195 0.044922 0.041016
0 0.244141 0.326172 0.042969 0.042969
0 0.244141 0.403320 0.042969 0.041016
0 0.335938 0.326172 0.042969 0.042969
0 0.335938 0.406250 0.042969 0.046875
0 0.462891 0.365234 0.070312 0.070312
0 0.904297 0.355469 0.039062 0.039062
0 0.873047 0.397461 0.035156 0.037109
0 0.873047 0.442383 0.035156 0.037109
0 0.917969 0.441406 0.035156 0.039062
0 0.965820 0.386719 0.037109 0.039062
0 0.963867 0.439453 0.037109 0.039062
2 0.034180 0.024414 -0.064453 -0.044922
2 0.347656 0.022461 -0.148438 -0.041016
2 0.618164 0.366211 0.068359 0.068359
2 0.725586 0.022461 -0.154297 -0.037109
