0 0.602539 0.941406 0.107422 0.101562
0 0.837891 0.942383 0.105469 0.103516
0 0.784180 0.658203 0.048828 0.050781
0 0.883789 0.658203 0.052734 0.054688
0 0.977539 0.658203 0.041016 0.050781
0 0.780273 0.420898 0.056641 0.056641
0 0.780273 0.512695 0.060547 0.052734
0 0.872070 0.417969 0.052734 0.054688
0 0.967773 0.416016 -0.048828 -0.054688
0 0.871094 0.516602 0.054688 0.052734
0 0.968750 0.516602 0.050781 0.052734
0 0.920898 0.464844 0.037109 0.039062
0 0.961914 0.202148 0.037109 0.037109
0 0.962891 0.274414 0.035156 0.037109
0 0.896484 0.204102 0.027344 0.029297
0 0.898438 0.273438 0.027344 0.027344
0 0.797852 0.204102 0.029297 0.029297
0 0.799805 0.274414 0.029297 0.025391
0 0.849609 0.272461 0.027344 0.025391
