0 0.252930 0.185547 0.037109 0.031250
0 0.298828 0.187500 0.035156 0.035156
0 0.348633 0.185547 0.033203 0.031250
0 0.035156 0.201172 0.039062 0.035156
0 0.104492 0.204102 0.037109 0.037109
0 0.035156 0.274414 0.035156 0.037109
0 0.105469 0.273438 0.035156 0.039062
0 0.042969 0.416992 0.054688 0.052734
0 0.132812 0.417969 -0.039062 -0.039062
0 0.041016 0.518555 0.054688 0.056641
0 0.131836 0.516602 0.041016 0.041016
0 0.200195 0.416992 0.041016 0.044922
0 0.201172 0.515625 0.035156 0.039062
0 0.277344 0.516602 0.050781 0.052734
0 0.276367 0.416992 0.048828 0.048828
0 0.379883 0.419922 0.052734 0.054688
0 0.142578 0.939453 0.101562 0.097656
0 0.377930 0.941406 0.103516 0.101562
0 0.608398 0.944336 0.052734 0.052734
0 0.709961 0.943359 0.056641 0.058594
0 0.054688 0.657227 0.054688 0.048828
0 0.141602 0.659180 0.033203 0.033203
0 0.205078 0.656250 0.035156 0.031250
0 0.262695 0.658203 0.033203 0.031250
0 0.320312 0.657227 0.031250 0.029297
0 0.376953 0.658203 0.031250 0.031250
0 0.843750 0.958008 0.105469 0.083984
0 0.976562 0.957031 0.039062 0.078125
1 0.306641 0.250000 0.156250 0.066406
1 0.265625 0.309570 0.070312 0.033203
