0 0.141602 0.250000 0.103516 0.097656
0 0.139648 0.034180 0.103516 -0.060547
0 0.259766 0.130859 0.105469 0.097656
0 0.423828 0.125977 0.085938 0.083984
0 0.377930 0.034180 -0.099609 -0.060547
0 0.351562 0.251953 0.082031 0.078125
0 0.610352 0.213867 0.048828 0.052734
0 0.610352 0.115234 0.056641 0.058594
0 0.609375 0.020508 0.046875 -0.037109
0 0.709961 0.113281 0.048828 0.050781
0 0.711914 0.212891 0.048828 0.050781
0 0.709961 0.022461 -0.056641 -0.041016
0 0.844727 0.046875 -0.099609 -0.085938
0 0.862305 0.231445 0.087891 0.083984
0 0.976562 0.046875 0.039062 -0.085938
0 0.057617 0.511719 0.060547 0.054688
0 0.164062 0.514648 0.062500 0.060547
0 0.283203 0.512695 0.101562 0.091797
0 0.398438 0.512695 0.089844 0.083984
0 0.050781 0.592773 0.058594 0.056641
0 0.093750 0.635742 0.031250 0.029297
0 0.063477 0.726562 0.048828 0.042969
0 0.164062 0.634766 0.046875 0.042969
0 0.166016 0.739258 0.046875 0.044922
0 0.270508 0.639648 0.064453 0.060547
0 0.270508 0.732422 0.064453 0.058594
0 0.395508 0.623047 0.080078 0.078125
0 0.399414 0.719727 0.083984 0.076172
0 0.513672 0.714844 0.109375 0.105469
0 0.619141 0.629883 0.109375 0.103516
