0 0.072266 0.042969 0.035156 0.035156
0 0.132812 0.041992 0.035156 0.033203
0 0.196289 0.042969 0.037109 0.031250
0 0.155273 0.130859 0.029297 0.027344
0 0.265625 0.041992 0.035156 0.033203
0 0.325195 0.042969 0.037109 0.031250
0 0.538086 0.471680 0.041016 0.041016
0 0.489258 0.681641 0.044922 0.042969
0 0.537109 0.681641 0.042969 0.042969
0 0.135742 0.795898 0.064453 0.052734
0 0.264648 0.953125 0.064453 0.062500
0 0.192383 0.978516 0.068359 0.042969
0 0.422852 0.894531 0.064453 0.062500
0 0.531250 0.863281 0.070312 0.062500
0 0.407227 0.982422 0.068359 0.035156
0 0.535156 0.981445 0.066406 0.037109
