0 0.458984 0.357422 0.035156 0.027344
0 0.506836 0.357422 0.033203 0.027344
0 0.553711 0.355469 0.033203 0.027344
0 0.603516 0.356445 0.035156 0.025391
0 0.653320 0.355469 0.029297 0.027344
0 0.701172 0.356445 0.027344 0.029297
0 0.485352 0.426758 0.052734 0.044922
0 0.582031 0.427734 0.050781 0.042969
0 0.676758 0.426758 0.052734 0.044922
0 0.772461 0.425781 0.052734 0.042969
0 0.456055 0.531250 0.056641 0.046875
0 0.441406 0.623047 0.050781 0.042969
0 0.549805 0.544922 0.041016 0.039062
0 0.550781 0.624023 0.054688 0.044922
0 0.626953 0.541992 0.050781 0.041016
0 0.718750 0.541992 0.054688 0.044922
0 0.711914 0.673828 0.087891 0.078125
1 0.376953 0.064453 0.015625 0.046875
