0 0.191406 0.061523 0.062500 0.060547
0 0.265625 0.116211 0.070312 0.064453
0 0.189453 0.148438 0.066406 0.062500
0 0.111328 0.104492 0.078125 0.076172
0 0.113281 0.184570 0.050781 0.044922
0 0.264648 0.030273 -0.068359 -0.056641
0 0.408203 0.068359 0.070312 0.066406
0 0.420898 0.171875 0.076172 0.070312
0 0.535156 0.065430 0.070312 0.064453
0 0.264648 0.251953 0.064453 0.062500
0 0.127930 0.366211 0.087891 0.080078
0 0.539062 0.453125 0.085938 0.082031
0 0.386719 0.457031 0.082031 0.082031
0 0.222656 0.625977 0.097656 0.087891
0 0.348633 0.625000 0.099609 0.089844
0 0.249023 0.752930 0.068359 0.060547
0 0.331055 0.751953 0.068359 0.062500
0 0.414062 0.753906 0.066406 0.062500
0 0.482422 0.682617 0.058594 0.052734
0 0.519531 0.591797 0.062500 0.058594
0 0.620117 0.601562 0.060547 0.058594
0 0.663086 0.959961 0.076172 0.064453
0 0.586914 0.987305 0.064453 0.021484
2 0.534180 0.300781 0.080078 0.078125
