0 0.828125 0.669922 0.050781 0.046875
0 0.758789 0.666992 0.041016 0.033203
0 0.076172 0.375000 0.039062 0.035156
0 0.078125 0.055664 0.035156 0.033203
0 0.078125 0.012695 0.035156 0.025391
0 0.190430 0.039062 0.021484 0.019531
0 0.192383 0.067383 0.021484 0.017578
0 0.333984 0.043945 0.031250 0.029297
0 0.373047 0.044922 0.031250 0.027344
0 0.334961 0.009766 0.029297 0.019531
0 0.373047 0.010742 0.027344 0.017578
0 0.260742 0.334961 0.021484 0.021484
1 0.159180 0.791016 0.115234 0.050781
1 0.036133 0.367188 0.025391 0.023438
1 0.040039 0.210938 -0.048828 0.015625
