0 0.127930 0.919922 0.041016 0.035156
0 0.171875 0.918945 0.042969 0.033203
0 0.169922 0.962891 0.042969 0.035156
0 0.214844 0.962891 0.039062 0.035156
0 0.283203 0.920898 0.046875 0.037109
0 0.330078 0.927734 0.050781 0.046875
0 0.382812 0.926758 0.050781 0.048828
0 0.386719 0.861328 0.042969 0.035156
0 0.446289 0.930664 0.064453 0.056641
0 0.522461 0.934570 0.076172 0.072266
0 0.606445 0.940430 0.083984 0.076172
0 0.694336 0.939453 0.083984 0.074219
0 0.434570 0.861328 0.044922 0.035156
0 0.479492 0.861328 0.041016 0.035156
0 0.523438 0.861328 0.042969 0.035156
0 0.570312 0.859375 0.042969 0.035156
0 0.615234 0.860352 0.039062 0.033203
0 0.658203 0.859375 0.042969 0.035156
0 0.752930 0.858398 0.041016 0.033203
0 0.797852 0.858398 0.044922 0.033203
0 0.788086 0.913086 0.052734 0.037109
