0 0.115234 0.428711 0.109375 0.103516
0 0.242188 0.429688 0.113281 0.101562
0 0.337891 0.406250 0.066406 0.054688
0 0.481445 0.427734 0.107422 0.101562
0 0.609375 0.424805 0.109375 0.099609
0 0.737305 0.425781 0.107422 0.101562
0 0.295898 0.125977 0.087891 0.080078
0 0.387695 0.127930 0.083984 0.076172
0 0.168945 0.036133 0.044922 0.041016
0 0.214844 0.036133 0.042969 0.041016
0 0.693359 0.027344 -0.082031 -0.046875
0 0.605469 0.025391 -0.085938 -0.046875
0 0.521484 0.025391 -0.082031 -0.042969
0 0.443359 0.019531 -0.070312 -0.035156
0 0.328125 0.012695 -0.050781 -0.021484
