0 0.049805 0.166992 -0.091797 -0.095703
0 0.033203 0.502930 -0.062500 -0.087891
0 0.412109 0.182617 0.132812 0.130859
0 0.579102 0.183594 0.134766 0.132812
0 0.749023 0.098633 0.087891 0.083984
0 0.741211 0.189453 0.072266 0.062500
0 0.833008 0.102539 0.072266 0.064453
0 0.919922 0.097656 0.070312 0.062500
0 0.986328 0.100586 0.027344 0.076172
0 0.828125 0.186523 0.089844 0.076172
0 0.923828 0.186523 0.078125 0.080078
0 0.924805 0.497070 0.111328 0.107422
0 0.632812 0.826172 0.128906 0.128906
2 0.629883 0.499023 0.123047 0.123047
