0 0.805664 0.209961 0.056641 0.052734
0 0.883789 0.211914 0.052734 0.052734
0 0.809570 0.275391 0.048828 0.050781
0 0.341797 0.324219 0.105469 0.101562
0 0.588867 0.325195 0.103516 0.103516
0 0.807617 0.341797 0.048828 0.050781
0 0.875000 0.530273 0.101562 0.103516
0 0.591797 0.652344 0.101562 0.105469
0 0.343750 0.655273 0.101562 0.111328
0 0.343750 0.984375 0.089844 0.031250
0 0.591797 0.984375 0.085938 0.027344
2 0.143555 0.146484 0.185547 0.183594
2 0.331055 0.041016 -0.107422 -0.078125
2 0.583008 0.040039 -0.099609 -0.076172
2 0.109375 0.436523 0.125000 0.126953
2 0.099609 0.796875 0.121094 0.121094
