0 0.490234 0.755859 0.062500 0.054688
0 0.603516 0.853516 0.062500 0.058594
0 0.604492 0.928711 0.068359 0.060547
0 0.709961 0.912109 0.060547 0.054688
0 0.715820 0.969727 0.048828 0.044922
0 0.768555 0.971680 0.044922 0.041016
0 0.632812 0.652344 0.042969 0.039062
0 0.699219 0.651367 0.042969 0.041016
0 0.891602 0.419922 0.103516 0.101562
0 0.614258 0.536133 0.048828 0.041016
0 0.513672 0.516602 0.046875 0.041016
0 0.343750 0.655273 0.050781 0.041016
0 0.340820 0.600586 0.048828 0.044922
0 0.291992 0.637695 0.048828 0.041016
0 0.291992 0.582031 0.048828 0.042969
0 0.212891 0.534180 0.050781 0.041016
0 0.612305 0.353516 0.087891 0.082031
0 0.506836 0.352539 0.087891 0.083984
0 0.363281 0.359375 0.121094 0.117188
0 0.229492 0.337891 0.115234 0.105469
0 0.028320 0.496094 -0.048828 -0.101562
0 0.449219 0.240234 0.062500 0.058594
0 0.579102 0.249023 0.064453 0.056641
0 0.667969 0.120117 0.070312 0.068359
0 0.584961 0.083008 0.076172 0.068359
0 0.664062 0.037109 0.078125 0.070312
0 0.281250 0.115234 0.078125 0.070312
0 0.185547 0.101562 0.089844 0.085938
0 0.081055 0.097656 0.087891 0.082031
0 0.083008 0.184570 0.072266 0.060547
0 0.019531 0.189453 -0.031250 -0.085938
0 0.014648 0.095703 -0.025391 -0.070312
0 0.877930 0.172852 0.072266 0.068359
2 0.279297 0.844727 0.183594 0.177734
