0 0.075195 0.808594 0.041016 0.039062
0 0.076172 0.856445 0.039062 0.033203
0 0.325195 0.828125 0.119141 0.117188
0 0.113281 0.671875 0.085938 0.085938
0 0.295898 0.655273 0.056641 0.056641
0 0.380859 0.656250 0.054688 0.058594
0 0.541992 0.828125 0.119141 0.121094
0 0.697266 0.472656 0.093750 0.097656
2 0.718750 0.819336 0.097656 0.099609
2 0.749023 0.660156 0.087891 0.089844
2 0.968750 0.771484 0.058594 0.128906
2 0.495117 0.466797 -0.099609 -0.097656
2 0.277344 0.456055 0.109375 0.107422
2 0.574219 0.142578 0.164062 0.164062
