0 0.012695 0.459961 -0.025391 -0.048828
0 0.010742 0.375977 -0.021484 -0.041016
0 0.125977 0.417969 0.072266 0.074219
0 0.728516 0.366211 0.054688 0.056641
0 0.731445 0.428711 0.044922 0.041016
0 0.680664 0.439453 0.041016 0.042969
0 0.671875 0.489258 0.039062 0.037109
0 0.630859 0.439453 0.042969 0.042969
0 0.629883 0.491211 0.041016 0.041016
0 0.583008 0.494141 0.037109 0.039062
0 0.538086 0.495117 0.041016 0.037109
0 0.538086 0.448242 0.041016 0.037109
0 0.567383 0.408203 0.041016 0.042969
2 0.284180 0.419922 0.076172 0.074219
2 0.745117 0.048828 -0.181641 -0.093750
2 0.392578 0.049805 -0.179688 -0.095703
2 0.206055 0.034180 -0.076172 -0.064453
2 0.055664 0.049805 -0.107422 -0.099609
