0 0.049805 0.066406 -0.095703 -0.105469
0 0.092773 0.180664 0.091797 0.091797
0 0.030273 0.299805 -0.060547 -0.087891
0 0.275391 0.064453 0.054688 0.054688
0 0.274414 0.165039 0.060547 0.060547
0 0.276367 0.266602 0.052734 0.052734
0 0.375977 0.067383 0.056641 0.060547
0 0.375000 0.166992 0.050781 0.052734
0 0.375977 0.264648 0.048828 0.052734
0 0.510742 0.091797 0.099609 0.105469
0 0.674805 0.091797 0.103516 0.109375
0 0.526367 0.282227 0.087891 0.087891
0 0.833984 0.273438 0.066406 0.066406
0 0.797852 0.059570 0.037109 0.037109
0 0.799805 0.129883 0.041016 0.037109
0 0.869141 0.128906 0.039062 0.039062
0 0.919922 0.551758 -0.117188 -0.119141
0 0.775391 0.557617 0.101562 0.103516
0 0.762695 0.707031 0.130859 0.132812
0 0.940430 0.705078 0.115234 0.128906
0 0.064453 0.564453 0.089844 0.089844
0 0.059570 0.674805 0.083984 0.080078
0 0.061523 0.772461 0.083984 0.076172
0 0.178711 0.765625 0.111328 0.105469
0 0.280273 0.684570 0.111328 0.111328
