0 0.264648 0.384766 0.095703 0.093750
0 0.426758 0.296875 0.029297 0.027344
0 0.453125 0.311523 0.027344 0.029297
0 0.498047 0.220703 0.042969 0.046875
0 0.542969 0.244141 0.042969 0.042969
0 0.605469 0.279297 0.035156 0.035156
0 0.702148 0.292969 0.025391 0.027344
0 0.476562 0.143555 0.019531 0.021484
0 0.924805 0.427734 -0.052734 -0.054688
0 0.969727 0.496094 0.056641 0.054688
0 0.926758 0.577148 0.060547 0.060547
0 0.885742 0.651367 0.037109 0.037109
0 0.939453 0.788086 0.066406 0.064453
0 0.862305 0.902344 0.103516 0.105469
0 0.918945 0.982422 0.025391 0.027344
0 0.765625 0.851562 0.105469 0.105469
0 0.816406 0.705078 0.050781 0.050781
0 0.759766 0.676758 0.046875 0.052734
0 0.984375 0.260742 0.031250 0.064453
0 0.866211 0.092773 0.037109 0.037109
0 0.884766 0.059570 0.035156 0.037109
0 0.903320 0.025391 0.037109 0.035156
0 0.149414 0.310547 0.025391 0.023438
1 0.613281 0.411133 0.023438 -0.041016
