0 0.138672 0.139648 0.054688 0.060547
0 0.206055 0.176758 0.060547 0.060547
0 0.172852 0.236328 0.060547 0.058594
0 0.136719 0.297852 0.062500 0.060547
0 0.106445 0.203125 0.060547 0.062500
0 0.074219 0.261719 0.062500 0.062500
0 0.041992 0.495117 0.052734 0.056641
0 0.014648 0.578125 -0.029297 -0.062500
0 0.012695 0.429688 -0.021484 -0.058594
0 0.558594 0.490234 0.089844 0.089844
0 0.562500 0.698242 0.105469 0.103516
0 0.567383 0.870117 0.103516 0.107422
0 0.022461 0.788086 -0.044922 -0.064453
