0 0.686523 0.663086 0.025391 0.029297
0 0.730469 0.678711 0.035156 0.037109
0 0.750977 0.640625 0.029297 0.031250
0 0.915039 0.801758 0.037109 0.037109
0 0.972656 0.833008 0.031250 0.033203
0 0.961914 0.767578 0.033203 0.035156
0 0.982422 0.724609 0.035156 0.035156
0 0.985352 0.667969 0.025391 0.054688
0 0.870117 0.973633 0.029297 0.029297
0 0.817383 0.483398 0.025391 0.025391
0 0.804688 0.511719 0.023438 0.023438
0 0.500000 0.351562 0.015625 0.015625
0 0.740234 0.235352 0.019531 0.025391
0 0.919922 0.055664 0.027344 0.025391
0 0.862305 0.014648 -0.087891 -0.025391
1 0.634766 0.923828 0.023438 -0.039062
1 0.668945 0.721680 0.044922 0.037109
1 0.737305 0.575195 0.052734 0.064453
1 0.781250 0.516602 0.031250 0.041016
1 0.595703 0.565430 0.054688 0.037109
1 0.514648 0.527344 0.033203 0.023438
1 0.547852 0.324219 0.041016 0.035156
1 0.402344 0.691406 0.046875 0.031250
