0 0.577148 0.119141 0.064453 0.062500
0 0.147461 0.559570 0.041016 0.041016
0 0.101562 0.593750 0.039062 0.035156
0 0.139648 0.620117 0.044922 0.044922
0 0.071289 0.669922 0.056641 0.054688
0 0.118164 0.703125 0.037109 0.035156
0 0.056641 0.725586 0.035156 0.033203
0 0.035156 0.768555 0.035156 0.033203
0 0.044922 0.832031 0.031250 0.031250
0 0.099609 0.804688 0.039062 0.035156
0 0.093750 0.859375 0.046875 0.042969
0 0.130859 0.765625 0.035156 0.035156
0 0.187500 0.736328 0.035156 0.035156
0 0.299805 0.691406 0.072266 0.070312
0 0.382812 0.791992 0.078125 0.080078
0 0.214844 0.846680 0.066406 0.060547
0 0.340820 0.874023 0.076172 0.076172
0 0.297852 0.953125 0.080078 0.074219
0 0.459961 0.891602 0.060547 0.056641
0 0.559570 0.944336 0.060547 0.064453
0 0.423828 0.957031 0.058594 0.054688
