0 0.037109 0.447266 0.062500 0.062500
0 0.067383 0.389648 0.064453 0.064453
0 0.129883 0.424805 0.060547 0.060547
0 0.196289 0.460938 0.060547 0.062500
0 0.277344 0.490234 0.035156 0.039062
0 0.256836 0.527344 0.037109 0.039062
0 0.292969 0.546875 0.035156 0.039062
0 0.312500 0.509766 0.035156 0.035156
0 0.357422 0.514648 0.027344 0.025391
0 0.339844 0.546875 0.023438 0.027344
0 0.400391 0.576172 0.027344 0.027344
0 0.428711 0.559570 0.033203 0.041016
0 0.639648 0.433594 0.029297 0.031250
0 0.749023 0.296875 0.029297 0.027344
0 0.735352 0.243164 0.025391 0.029297
0 0.754883 0.210938 0.029297 0.031250
0 0.766602 0.260742 0.025391 0.025391
0 0.791016 0.233398 0.027344 0.029297
0 0.896484 0.324219 0.097656 0.101562
0 0.971680 0.271484 0.056641 0.097656
0 0.906250 0.199219 0.042969 0.046875
0 0.954102 0.109375 0.041016 0.039062
0 0.812500 0.152344 0.035156 0.035156
0 0.844727 0.096680 0.037109 0.033203
0 0.869141 0.044922 0.035156 0.031250
1 0.385742 0.536133 0.037109 0.044922
1 0.682617 0.449219 0.048828 0.054688
1 0.262695 0.021484 -0.056641 -0.035156
