0 0.928711 0.206055 0.033203 0.033203
0 0.972656 0.228516 0.031250 0.039062
0 0.952148 0.270508 0.037109 0.037109
0 0.910156 0.245117 0.035156 0.037109
0 0.448242 0.247070 0.029297 0.029297
0 0.205078 0.157227 0.035156 0.033203
0 0.230469 0.111328 0.042969 0.035156
0 0.445312 0.283203 0.031250 0.027344
0 0.426758 0.319336 0.033203 0.033203
0 0.317383 0.384766 0.033203 0.031250
0 0.281250 0.480469 0.031250 0.031250
0 0.333008 0.606445 0.060547 0.064453
0 0.387695 0.635742 0.060547 0.064453
0 0.440430 0.664062 0.056641 0.062500
0 0.375000 0.571289 0.027344 0.029297
0 0.407227 0.590820 0.033203 0.033203
0 0.443359 0.608398 0.031250 0.033203
1 0.541992 0.359375 0.033203 0.023438
1 0.494141 0.295898 0.027344 0.021484
