0 0.390625 0.390625 0.039062 0.042969
0 0.431641 0.401367 0.042969 0.044922
0 0.482422 0.416016 0.058594 0.042969
0 0.375977 0.439453 0.041016 0.042969
0 0.417969 0.449219 0.042969 0.042969
0 0.470703 0.464844 0.062500 0.042969
0 0.363281 0.484375 0.042969 0.039062
0 0.405273 0.499023 0.041016 0.041016
0 0.457031 0.511719 0.062500 0.042969
0 0.343750 0.546875 0.039062 0.042969
0 0.386719 0.561523 0.042969 0.041016
0 0.439453 0.574219 0.062500 0.039062
0 0.327148 0.595703 0.041016 0.042969
0 0.371094 0.610352 0.042969 0.044922
0 0.425781 0.622070 0.062500 0.041016
