0 0.106445 0.351562 0.029297 0.027344
0 0.134766 0.366211 0.027344 0.029297
0 0.162109 0.378906 0.027344 0.027344
0 0.043945 0.405273 0.037109 0.033203
0 0.017578 0.343750 -0.031250 -0.035156
0 0.487305 0.553711 0.041016 0.041016
0 0.521484 0.479492 0.050781 0.044922
0 0.577148 0.498047 0.037109 0.035156
0 0.558594 0.532227 0.039062 0.033203
0 0.791992 0.346680 0.044922 0.044922
0 0.958984 0.420898 0.035156 0.033203
0 0.449219 0.139648 0.027344 0.025391
0 0.477539 0.153320 0.025391 0.025391
0 0.433594 0.173828 0.027344 0.027344
0 0.460938 0.187500 0.027344 0.027344
0 0.516602 0.171875 0.029297 0.031250
0 0.545898 0.187500 0.029297 0.031250
0 0.281250 0.355469 0.023438 0.023438
0 0.608398 0.562500 0.013672 0.015625
0 0.623047 0.569336 0.015625 0.013672
0 0.547852 0.563477 0.017578 0.013672
0 0.235352 0.773438 0.041016 0.042969
0 0.193359 0.757812 0.039062 0.039062
0 0.154297 0.738281 0.035156 0.035156
0 0.865234 0.522461 0.027344 0.021484
0 0.180664 0.486328 0.021484 0.023438
1 0.303711 0.361328 -0.025391 0.042969
1 0.968750 0.526367 0.058594 0.048828
