0 0.591797 0.518555 0.042969 0.029297
0 0.568359 0.569336 0.054688 0.048828
0 0.642578 0.603516 0.050781 0.042969
0 0.689453 0.627930 0.039062 0.037109
0 0.715820 0.578125 0.037109 0.035156
0 0.666016 0.555664 0.039062 0.033203
0 0.292969 0.430664 0.050781 0.044922
0 0.039062 0.325195 0.050781 0.044922
0 0.806641 0.745117 0.023438 0.021484
0 0.832031 0.761719 0.027344 0.023438
0 0.377930 0.894531 0.041016 0.039062
0 0.494141 0.934570 0.023438 0.025391
0 0.479492 0.966797 0.025391 0.027344
0 0.458008 0.941406 0.021484 0.019531
0 0.468750 0.919922 0.019531 0.019531
0 0.430664 0.928711 0.021484 0.021484
0 0.407227 0.916992 0.017578 0.017578
0 0.416992 0.895508 0.025391 0.025391
0 0.441406 0.906250 0.023438 0.023438
0 0.399414 0.936523 0.017578 0.017578
0 0.293945 0.387695 0.029297 0.025391
1 0.344727 0.404297 0.037109 0.062500
