0 0.170898 0.472656 0.037109 0.027344
0 0.250977 0.548828 0.037109 0.031250
0 0.287109 0.567383 0.035156 0.029297
0 0.267578 0.602539 0.035156 0.033203
0 0.562500 0.815430 0.031250 0.033203
0 0.677734 0.861328 0.035156 0.031250
0 0.722656 0.882812 0.031250 0.031250
0 0.708008 0.916992 0.029297 0.029297
0 0.740234 0.934570 0.031250 0.029297
0 0.756836 0.899414 0.029297 0.029297
0 0.984375 0.927734 0.027344 0.031250
0 0.783203 0.428711 0.027344 0.029297
0 0.814453 0.444336 0.027344 0.025391
0 0.758789 0.412109 0.021484 0.019531
0 0.930664 0.234375 0.029297 0.027344
1 0.868164 0.208984 -0.052734 -0.042969
1 0.524414 0.083984 -0.048828 -0.050781
