0 0.722656 0.081055 0.035156 0.037109
0 0.789062 0.112305 0.035156 0.033203
0 0.807617 0.168945 0.044922 0.044922
0 0.855469 0.191406 0.046875 0.042969
0 0.857422 0.148438 0.031250 0.031250
0 0.891602 0.166016 0.029297 0.031250
0 0.915039 0.212891 0.033203 0.031250
0 0.942383 0.189453 0.021484 0.023438
0 0.916992 0.178711 0.021484 0.025391
0 0.755859 0.370117 0.035156 0.037109
0 0.745117 0.423828 0.037109 0.039062
0 0.726562 0.475586 0.046875 0.044922
0 0.489258 0.503906 0.021484 0.023438
0 0.538086 0.534180 0.025391 0.021484
0 0.493164 0.095703 0.025391 0.027344
0 0.510742 0.056641 0.029297 0.027344
0 0.479492 0.040039 0.025391 0.025391
0 0.459961 0.080078 0.029297 0.027344
0 0.494141 0.009766 -0.023438 -0.019531
0 0.074219 0.895508 0.027344 0.025391
0 0.059570 0.926758 0.029297 0.025391
0 0.088867 0.942383 0.029297 0.025391
0 0.106445 0.913086 -0.033203 -0.029297
1 0.210938 0.458984 0.031250 0.031250
1 0.156250 0.113281 -0.085938 -0.054688
