0 0.582031 0.527344 0.070312 0.074219
0 0.515625 0.658203 0.066406 0.066406
0 0.880859 0.700195 0.031250 0.037109
0 0.921875 0.720703 0.039062 0.039062
0 0.895508 0.663086 0.029297 0.029297
0 0.939453 0.683594 0.027344 0.027344
0 0.967773 0.700195 0.029297 0.029297
0 0.369141 0.880859 0.046875 0.046875
0 0.420898 0.905273 0.033203 0.037109
0 0.287109 0.955078 0.039062 0.035156
0 0.338867 0.979492 0.037109 0.033203
0 0.281250 0.832031 0.027344 0.027344
0 0.244141 0.833984 0.019531 0.019531
0 0.255859 0.803711 0.019531 0.021484
0 0.975586 0.847656 0.037109 0.035156
