0 0.040039 0.698242 0.025391 0.025391
0 0.012695 0.684570 0.025391 0.025391
0 0.048828 0.847656 0.035156 0.035156
0 0.084961 0.866211 0.037109 0.037109
0 0.116211 0.946289 0.029297 0.029297
0 0.138672 0.899414 0.035156 0.037109
0 0.177734 0.833984 0.027344 0.027344
0 0.190430 0.808594 0.021484 0.019531
0 0.203125 0.785156 0.027344 0.027344
0 0.177734 0.977539 0.027344 0.025391
0 0.191406 0.945312 0.027344 0.027344
0 0.206055 0.915039 0.025391 0.025391
0 0.222656 0.978516 0.027344 0.027344
0 0.236328 0.951172 0.027344 0.023438
0 0.247070 0.924805 0.029297 0.025391
0 0.261719 0.896484 0.027344 0.027344
0 0.274414 0.868164 0.025391 0.025391
0 0.292969 0.832031 0.023438 0.027344
0 0.269531 0.820312 0.019531 0.019531
0 0.255859 0.842773 0.023438 0.025391
0 0.351562 0.859375 0.027344 0.027344
0 0.332031 0.895508 0.027344 0.025391
0 0.315430 0.922852 0.025391 0.025391
0 0.304688 0.952148 0.027344 0.029297
0 0.287109 0.986328 0.027344 0.027344
0 0.219727 0.885742 0.017578 0.017578
0 0.229492 0.864258 0.017578 0.017578
0 0.166992 0.857422 0.017578 0.015625
0 0.082031 0.991211 0.019531 0.017578
1 0.473633 0.416992 0.083984 0.083984
1 0.675781 0.937500 0.050781 0.066406
1 0.774414 0.972656 0.056641 0.046875
