0 0.649414 0.285156 0.064453 0.054688
0 0.610352 0.338867 0.021484 0.017578
0 0.493164 0.286133 0.029297 0.025391
0 0.522461 0.292969 0.021484 0.023438
0 0.544922 0.307617 0.019531 0.021484
0 0.562500 0.316406 0.015625 0.015625
0 0.574219 0.177734 0.046875 0.035156
0 0.131836 0.279297 0.029297 0.027344
0 0.227539 0.142578 0.029297 0.027344
0 0.213867 0.171875 0.025391 0.027344
1 0.036133 0.835938 -0.048828 -0.082031
1 0.188477 0.726562 -0.056641 -0.046875
1 0.203125 0.685547 -0.050781 -0.035156
1 0.139648 0.793945 -0.029297 -0.033203
1 0.101562 0.646484 -0.031250 -0.042969
1 0.112305 0.842773 -0.029297 -0.017578
