0 0.904297 0.605469 0.027344 0.023438
0 0.907227 0.823242 0.025391 0.029297
0 0.935547 0.834961 0.027344 0.029297
0 0.963867 0.849609 0.029297 0.023438
0 0.947266 0.560547 0.027344 0.027344
0 0.958984 0.534180 0.027344 0.025391
0 0.901367 0.400391 0.041016 0.031250
0 0.884766 0.436523 0.042969 0.037109
0 0.871094 0.472656 0.035156 0.027344
0 0.966797 0.426758 0.019531 0.017578
0 0.856445 0.513672 0.021484 0.023438
0 0.874023 0.497070 0.021484 0.017578
0 0.838867 0.504883 0.021484 0.017578
1 0.728516 0.734375 0.058594 -0.058594
1 0.824219 0.617188 -0.125000 -0.128906
1 0.916016 0.526367 0.062500 -0.076172
1 0.948242 0.460938 -0.072266 -0.062500
