0 0.203125 0.482422 0.136719 0.121094
0 0.338867 0.600586 0.126953 0.119141
0 0.065430 0.611328 -0.126953 -0.144531
0 0.051758 0.784180 -0.103516 -0.103516
0 0.193359 0.780273 -0.113281 -0.103516
0 0.353516 0.774414 -0.113281 -0.103516
0 0.356445 0.925781 0.115234 0.101562
0 0.195312 0.928711 -0.117188 -0.103516
0 0.053711 0.933594 -0.107422 -0.101562
0 0.687500 0.773438 -0.113281 -0.101562
0 0.835938 0.771484 -0.113281 -0.101562
0 0.963867 0.773438 0.068359 -0.101562
0 0.695312 0.921875 -0.113281 -0.101562
0 0.841797 0.920898 -0.113281 -0.103516
0 0.967773 0.922852 0.064453 -0.107422
0 0.849609 0.165039 -0.125000 -0.123047
0 0.694336 0.167969 -0.134766 -0.121094
