0 0.544922 0.086914 0.074219 0.060547
0 0.468750 0.166992 0.046875 0.037109
0 0.514648 0.168945 0.044922 0.041016
0 0.559570 0.168945 0.044922 0.041016
0 0.469727 0.210938 -0.044922 -0.039062
0 0.514648 0.211914 0.044922 0.037109
0 0.559570 0.213867 0.044922 0.037109
0 0.469727 0.275391 0.044922 0.035156
0 0.515625 0.276367 0.042969 0.037109
0 0.559570 0.275391 0.044922 0.031250
0 0.471680 0.316406 0.044922 0.035156
0 0.515625 0.317383 0.042969 0.037109
0 0.561523 0.320312 0.044922 0.035156
0 0.471680 0.381836 0.044922 0.037109
0 0.473633 0.424805 0.044922 0.037109
0 0.517578 0.381836 0.042969 0.037109
0 0.562500 0.383789 0.046875 0.041016
0 0.517578 0.426758 0.042969 0.041016
0 0.563477 0.427734 0.048828 0.039062
0 0.490234 0.592773 0.074219 0.064453
0 0.551758 0.646484 0.076172 0.062500
0 0.490234 0.702148 0.074219 0.064453
0 0.491211 0.800781 0.072266 0.066406
0 0.553711 0.855469 0.076172 0.062500
0 0.493164 0.912109 0.072266 0.062500
0 0.494141 0.989258 0.070312 0.021484
0 0.654297 0.965820 0.046875 0.037109
0 0.701172 0.965820 0.042969 0.037109
0 0.748047 0.968750 0.046875 0.039062
0 0.655273 0.911133 0.044922 0.037109
0 0.697266 0.913086 0.042969 0.041016
0 0.744141 0.916016 0.046875 0.039062
0 0.656250 0.865234 0.046875 0.035156
0 0.700195 0.868164 0.041016 0.037109
0 0.745117 0.870117 0.048828 0.037109
0 0.655273 0.805664 0.044922 0.037109
0 0.699219 0.808594 0.042969 0.039062
0 0.745117 0.810547 0.044922 0.035156
0 0.657227 0.760742 0.044922 0.037109
0 0.704102 0.762695 0.041016 0.037109
0 0.745117 0.766602 0.044922 0.037109
0 0.659180 0.701172 0.044922 0.039062
0 0.703125 0.705078 0.039062 0.039062
0 0.748047 0.707031 0.046875 0.039062
0 0.658203 0.657227 0.042969 0.037109
0 0.701172 0.659180 0.042969 0.033203
0 0.748047 0.662109 -0.046875 -0.035156
0 0.933594 0.630859 0.070312 0.058594
0 0.930664 0.544922 0.068359 0.058594
0 0.927734 0.462891 0.070312 0.058594
0 0.925781 0.380859 0.070312 0.058594
0 0.986328 0.376953 0.023438 0.058594
0 0.988281 0.460938 0.023438 0.058594
0 0.988281 0.545898 0.019531 0.056641
0 0.658203 0.573242 0.042969 0.037109
0 0.703125 0.575195 0.042969 0.037109
0 0.749023 0.575195 0.048828 0.037109
0 0.660156 0.528320 0.042969 0.037109
0 0.702148 0.530273 0.041016 0.037109
0 0.748047 0.531250 0.046875 0.035156
0 0.687500 0.436523 0.035156 0.025391
0 0.725586 0.438477 0.037109 0.025391
0 0.686523 0.472656 0.033203 0.027344
0 0.651367 0.473633 0.029297 0.025391
0 0.720703 0.476562 0.031250 0.027344
0 0.751953 0.476562 0.031250 0.027344
0 0.717773 0.307617 0.029297 0.021484
0 0.717773 0.275391 0.033203 0.023438
0 0.686523 0.305664 0.029297 0.025391
0 0.684570 0.275391 0.029297 0.023438
0 0.654297 0.275391 0.027344 0.023438
0 0.656250 0.306641 0.027344 0.023438
0 0.948242 0.197266 0.099609 0.121094
0 0.959961 0.030273 0.080078 -0.056641
