0 0.088867 0.628906 0.068359 0.062500
0 0.020508 0.627930 -0.041016 -0.056641
0 0.084961 0.544922 0.072266 0.062500
0 0.082031 0.459961 0.070312 0.056641
0 0.081055 0.375977 0.068359 0.060547
0 0.019531 0.543945 -0.035156 -0.060547
0 0.018555 0.461914 0.033203 0.056641
0 0.017578 0.377930 -0.031250 -0.060547
0 0.052734 0.196289 -0.101562 -0.115234
0 0.053711 0.029297 -0.103516 -0.054688
0 0.197266 0.026367 -0.113281 -0.052734
0 0.357422 0.023438 -0.117188 -0.046875
0 0.214844 0.196289 0.113281 0.103516
0 0.363281 0.187500 0.113281 0.101562
0 0.241211 0.375000 0.115234 0.105469
0 0.369141 0.443359 0.117188 0.101562
0 0.201172 0.584961 0.050781 0.044922
0 0.204102 0.638672 0.048828 0.042969
0 0.251953 0.584961 0.050781 0.044922
0 0.304688 0.584961 0.050781 0.044922
0 0.356445 0.582031 -0.052734 -0.042969
0 0.411133 0.579102 0.052734 0.041016
0 0.254883 0.636719 0.052734 0.042969
0 0.307617 0.635742 0.052734 0.041016
0 0.359375 0.634766 0.050781 0.042969
0 0.410156 0.631836 0.050781 0.041016
0 0.693359 0.023438 -0.109375 -0.042969
0 0.840820 0.023438 -0.107422 -0.042969
0 0.968750 0.022461 0.062500 -0.044922
0 0.681641 0.145508 0.066406 0.060547
0 0.765625 0.144531 0.070312 0.062500
0 0.847656 0.143555 0.066406 0.060547
0 0.931641 0.143555 0.066406 0.056641
0 0.684570 0.228516 0.068359 0.062500
0 0.769531 0.227539 0.070312 0.060547
0 0.850586 0.227539 0.068359 0.060547
0 0.932617 0.226562 0.068359 0.058594
0 0.991211 0.227539 0.017578 0.048828
0 0.694336 0.394531 0.068359 0.058594
0 0.777344 0.394531 0.066406 0.062500
0 0.860352 0.394531 0.068359 0.058594
0 0.942383 0.392578 0.064453 0.058594
0 0.699219 0.478516 0.070312 0.058594
0 0.783203 0.478516 0.066406 0.058594
0 0.867188 0.475586 0.066406 0.056641
0 0.949219 0.474609 0.066406 0.062500
0 0.697266 0.614258 0.050781 0.041016
0 0.750000 0.610352 0.046875 0.037109
0 0.801758 0.606445 0.048828 0.037109
0 0.854492 0.602539 0.044922 0.041016
0 0.700195 0.666992 0.048828 0.037109
0 0.751953 0.663086 0.046875 0.037109
0 0.803711 0.657227 0.048828 0.037109
0 0.856445 0.655273 0.048828 0.041016
0 0.701172 0.718750 0.050781 0.039062
0 0.753906 0.716797 0.050781 0.039062
0 0.944336 0.595703 0.048828 0.039062
0 0.950195 0.645508 0.048828 0.037109
0 0.985352 0.591797 0.029297 0.035156
0 0.989258 0.642578 0.021484 0.039062
