0 0.184570 0.815430 0.068359 0.068359
0 0.325195 0.810547 0.068359 0.066406
0 0.506836 0.825195 0.083984 0.083984
0 0.610352 0.828125 0.033203 0.031250
0 0.648438 0.791016 0.039062 0.039062
0 0.778320 0.822266 0.083984 0.082031
0 0.671875 0.980469 0.085938 0.039062
0 0.530273 0.603516 0.080078 0.078125
0 0.743164 0.618164 0.041016 0.037109
0 0.779297 0.577148 0.042969 0.037109
0 0.634766 0.517578 0.031250 0.031250
0 0.833008 0.459961 0.083984 0.076172
0 0.683594 0.401367 0.066406 0.064453
0 0.741211 0.331055 0.068359 0.064453
2 0.400391 0.591797 0.101562 0.097656
2 0.635742 0.607422 0.083984 0.082031
2 0.695312 0.554688 0.062500 0.058594
