0 0.549805 0.378906 0.080078 0.066406
0 0.548828 0.295898 0.078125 0.064453
0 0.501953 0.201172 0.082031 0.062500
0 0.552734 0.138672 0.078125 0.066406
0 0.497070 0.083008 0.072266 0.064453
0 0.654297 0.038086 0.046875 0.041016
0 0.700195 0.041016 0.044922 0.039062
0 0.747070 0.043945 0.048828 0.037109
0 0.656250 0.084961 0.046875 0.037109
0 0.702148 0.088867 0.044922 0.037109
0 0.750000 0.090820 0.050781 0.037109
0 0.652344 0.151367 0.042969 0.037109
0 0.697266 0.154297 0.046875 0.035156
0 0.745117 0.155273 0.048828 0.037109
0 0.659180 0.196289 0.044922 0.037109
0 0.706055 0.196289 0.048828 0.037109
2 0.501953 0.479492 0.078125 0.068359
