0 0.871094 0.281250 0.042969 0.042969
0 0.912109 0.291992 0.027344 0.029297
0 0.961914 0.271484 0.044922 0.046875
0 0.914062 0.343750 0.050781 0.050781
0 0.975586 0.328125 0.044922 0.046875
0 0.928711 0.403320 0.052734 0.052734
0 0.983398 0.386719 0.029297 0.046875
0 0.667969 0.362305 0.027344 0.029297
0 0.635742 0.374023 0.029297 0.029297
0 0.247070 0.363281 0.017578 0.019531
0 0.247070 0.415039 0.025391 0.025391
0 0.224609 0.372070 0.019531 0.021484
0 0.200195 0.383789 0.025391 0.025391
0 0.219727 0.432617 0.025391 0.025391
0 0.194336 0.418945 0.021484 0.021484
0 0.168945 0.430664 0.025391 0.025391
0 0.150391 0.405273 0.019531 0.021484
0 0.148438 0.377930 0.023438 0.021484
0 0.174805 0.366211 0.021484 0.021484
0 0.197266 0.617188 0.027344 0.027344
0 0.986328 0.841797 0.015625 0.015625
0 0.971680 0.851562 0.013672 0.015625
0 0.973633 0.870117 0.017578 0.017578
0 0.958008 0.573242 0.052734 0.052734
0 0.958984 0.641602 0.054688 0.052734
0 0.894531 0.595703 0.050781 0.050781
0 0.897461 0.664062 0.052734 0.050781
0 0.833984 0.620117 0.050781 0.052734
0 0.834961 0.684570 0.052734 0.052734
0 0.770508 0.640625 0.052734 0.050781
0 0.772461 0.708008 0.052734 0.052734
0 0.990234 0.747070 0.019531 0.044922
0 0.947266 0.766602 0.046875 0.048828
0 0.896484 0.784180 0.046875 0.044922
0 0.840820 0.803711 0.044922 0.048828
0 0.789062 0.822266 0.046875 0.046875
0 0.733398 0.841797 0.048828 0.046875
0 0.680664 0.860352 0.048828 0.048828
0 0.625977 0.879883 0.048828 0.048828
0 0.574219 0.897461 0.046875 0.048828
0 0.518555 0.917969 0.048828 0.046875
0 0.466797 0.936523 0.046875 0.048828
0 0.411133 0.955078 0.048828 0.046875
0 0.358398 0.972656 0.048828 0.046875
0 0.306641 0.984375 0.046875 0.031250
0 0.708984 0.662109 0.050781 0.050781
0 0.708984 0.729492 0.050781 0.052734
0 0.647461 0.752930 0.052734 0.056641
0 0.645508 0.684570 0.052734 0.052734
0 0.583008 0.708008 0.052734 0.052734
0 0.584961 0.774414 0.052734 0.052734
0 0.520508 0.729492 0.052734 0.052734
0 0.522461 0.795898 0.052734 0.052734
0 0.458008 0.750977 0.052734 0.052734
0 0.459961 0.819336 0.052734 0.052734
0 0.395508 0.773438 0.052734 0.050781
0 0.397461 0.840820 0.052734 0.052734
0 0.333008 0.778320 0.041016 0.041016
0 0.279297 0.789062 0.042969 0.042969
0 0.226562 0.797852 0.042969 0.044922
0 0.316406 0.816406 0.027344 0.031250
0 0.285156 0.828125 0.027344 0.027344
0 0.252930 0.838867 0.025391 0.025391
0 0.218750 0.844727 0.023438 0.021484
0 0.218750 0.875977 0.023438 0.021484
0 0.219727 0.904297 0.021484 0.023438
0 0.221680 0.932617 0.021484 0.021484
0 0.221680 0.959961 0.021484 0.021484
0 0.342773 0.902344 0.033203 0.035156
0 0.341797 0.862305 0.035156 0.033203
0 0.305664 0.875977 0.033203 0.033203
0 0.306641 0.924805 0.035156 0.033203
0 0.259766 0.891602 0.035156 0.033203
0 0.263672 0.935547 0.042969 0.042969
0 0.200195 0.351562 0.025391 0.027344
1 0.251953 0.603516 -0.050781 -0.039062
1 0.232422 0.541016 -0.054688 -0.042969
1 0.541016 0.401367 -0.054688 0.029297
1 0.866211 0.927734 -0.017578 -0.046875
