0 0.199219 0.841797 0.031250 0.031250
0 0.235352 0.841797 0.033203 0.031250
0 0.235352 0.801758 0.029297 0.029297
0 0.197266 0.804688 0.031250 0.031250
0 0.358398 0.882812 0.095703 0.097656
0 0.458008 0.882812 0.091797 0.089844
0 0.535156 0.898438 0.058594 0.058594
0 0.544922 0.820312 0.058594 0.058594
0 0.628906 0.679688 0.078125 0.074219
0 0.568359 0.666992 0.042969 0.044922
0 0.506836 0.680664 0.060547 0.060547
0 0.292969 0.812500 0.039062 0.039062
0 0.326172 0.707031 0.027344 0.027344
0 0.274414 0.688477 0.068359 0.068359
0 0.076172 0.745117 0.046875 0.048828
0 0.021484 0.765625 -0.042969 -0.046875
0 0.032227 0.641602 0.052734 0.052734
0 0.094727 0.619141 0.052734 0.054688
0 0.156250 0.596680 0.050781 0.052734
0 0.156250 0.530273 0.050781 0.052734
0 0.092773 0.551758 0.052734 0.052734
0 0.030273 0.575195 0.052734 0.052734
0 0.290039 0.490234 0.107422 0.105469
0 0.210938 0.301758 0.058594 0.060547
0 0.165039 0.349609 0.056641 0.058594
0 0.112305 0.371094 0.048828 0.046875
0 0.064453 0.386719 0.046875 0.046875
0 0.047852 0.328125 0.044922 0.042969
0 0.033203 0.272461 0.046875 0.044922
0 0.163086 0.224609 0.095703 0.097656
0 0.013672 0.402344 -0.027344 -0.050781
0 0.079102 0.227539 0.025391 0.025391
0 0.088867 0.255859 0.025391 0.023438
0 0.091797 0.281250 0.023438 0.023438
0 0.607422 0.512695 0.050781 0.048828
0 0.663086 0.510742 0.052734 0.048828
0 0.542969 0.495117 0.058594 0.052734
0 0.606445 0.456055 0.048828 0.044922
0 0.662109 0.454102 0.046875 0.044922
0 0.727539 0.447266 0.056641 0.058594
0 0.541992 0.428711 0.056641 0.052734
0 0.605469 0.400391 0.050781 0.046875
0 0.661133 0.398438 0.048828 0.046875
0 0.726562 0.382812 0.058594 0.054688
0 0.723633 0.319336 0.060547 0.056641
0 0.659180 0.343750 0.048828 0.046875
0 0.604492 0.343750 0.048828 0.046875
0 0.548828 0.348633 0.039062 0.041016
0 0.500977 0.352539 0.041016 0.041016
0 0.437500 0.373047 0.050781 0.054688
0 0.434570 0.298828 0.056641 0.054688
0 0.499023 0.298828 0.041016 0.039062
0 0.546875 0.298828 0.039062 0.039062
0 0.602539 0.289062 0.048828 0.046875
0 0.657227 0.288086 0.048828 0.048828
0 0.674805 0.225586 -0.048828 -0.048828
0 0.618164 0.226562 0.052734 0.050781
0 0.409180 0.098633 0.033203 0.033203
0 0.411133 0.130859 0.033203 0.031250
0 0.444336 0.082031 0.025391 0.023438
0 0.467773 0.073242 0.021484 0.021484
0 0.468750 0.093750 0.023438 0.019531
0 0.445312 0.105469 0.023438 0.023438
0 0.443359 0.126953 0.019531 0.019531
0 0.481445 0.176758 0.029297 0.033203
0 0.523438 0.182617 0.031250 0.033203
0 0.440430 0.201172 0.037109 0.039062
0 0.553711 0.151367 0.037109 0.037109
0 0.604492 0.141602 0.041016 0.041016
0 0.610352 0.105469 0.029297 0.027344
0 0.653320 0.131836 0.037109 0.037109
0 0.645508 0.087891 0.037109 0.039062
0 0.657227 0.046875 0.025391 0.027344
0 0.628906 0.048828 0.019531 0.019531
0 0.566406 0.073242 0.031250 0.033203
1 0.057617 0.894531 0.076172 0.128906
1 0.494141 0.099609 0.015625 0.074219
1 0.679688 0.088867 0.019531 0.087891
1 0.603516 0.062500 0.035156 0.035156
1 0.573242 0.183594 0.052734 -0.023438
1 0.620117 0.171875 0.044922 -0.023438
1 0.666992 0.157227 0.048828 -0.025391
1 0.439453 0.164062 0.046875 0.019531
