0 0.182617 0.178711 0.033203 0.025391
0 0.212891 0.203125 0.035156 0.027344
0 0.243164 0.227539 0.033203 0.029297
0 0.277344 0.100586 0.050781 0.041016
0 0.266602 0.396484 0.033203 0.031250
0 0.299805 0.423828 0.033203 0.031250
0 0.335938 0.453125 0.031250 0.031250
0 0.242188 0.501953 -0.074219 -0.070312
0 0.118164 0.568359 0.087891 0.078125
0 0.051758 0.835938 -0.099609 -0.105469
0 0.394531 0.871094 0.140625 0.128906
0 0.705078 0.707031 0.046875 0.046875
2 0.038086 0.252930 -0.076172 -0.107422
2 0.139648 0.275391 0.111328 0.109375
2 0.212891 0.664062 0.140625 0.132812
2 0.614258 0.931641 0.154297 0.132812
2 0.615234 0.595703 0.105469 0.097656
