0 0.236328 0.119141 0.023438 0.023438
0 0.216797 0.137695 0.027344 0.021484
0 0.199219 0.154297 0.023438 0.023438
0 0.208008 0.469727 0.041016 0.041016
0 0.154297 0.467773 0.042969 0.041016
0 0.030273 0.761719 -0.056641 -0.046875
0 0.060547 0.896484 0.027344 0.023438
0 0.062500 0.922852 0.027344 0.021484
0 0.324219 0.535156 0.046875 0.042969
0 0.327148 0.597656 0.048828 0.042969
0 0.388672 0.533203 0.042969 0.042969
0 0.386719 0.594727 0.039062 0.037109
0 0.390625 0.657227 0.042969 0.041016
0 0.331055 0.657227 0.037109 0.033203
0 0.444336 0.433594 0.041016 0.035156
0 0.522461 0.532227 0.033203 0.033203
0 0.568359 0.491211 0.023438 0.021484
0 0.563477 0.530273 0.033203 0.033203
0 0.520508 0.496094 0.025391 0.027344
0 0.483398 0.723633 0.033203 0.025391
0 0.424805 0.724609 0.029297 0.027344
0 0.428711 0.778320 0.033203 0.025391
0 0.424805 0.818359 0.029297 0.027344
0 0.485352 0.776367 0.029297 0.025391
0 0.482422 0.817383 0.027344 0.025391
0 0.883789 0.733398 0.041016 0.041016
0 0.858398 0.833008 0.013672 0.013672
0 0.859375 0.848633 0.015625 0.013672
0 0.841797 0.834961 0.015625 0.013672
0 0.841797 0.849609 0.015625 0.011719
0 0.694336 0.615234 0.029297 0.023438
1 0.234375 0.223633 0.074219 0.095703
1 0.526367 0.796875 0.029297 -0.070312
