0 0.486328 0.295898 0.085938 0.056641
0 0.558594 0.659180 0.058594 0.044922
0 0.645508 0.841797 0.048828 0.054688
0 0.184570 0.620117 0.103516 0.087891
0 0.186523 0.829102 0.103516 0.087891
2 0.554688 0.475586 0.070312 0.052734
2 0.637695 0.475586 0.068359 0.052734
2 0.474609 0.549805 0.070312 0.052734
2 0.555664 0.551758 0.064453 0.052734
2 0.642578 0.656250 0.058594 0.046875
2 0.654297 0.728516 0.054688 0.046875
2 0.463867 0.843750 0.064453 0.054688
2 0.526367 0.842773 0.060547 0.052734
2 0.588867 0.841797 0.060547 0.054688
