0 0.328125 0.200195 0.054688 0.048828
0 0.864258 0.208984 0.064453 0.042969
0 0.925781 0.209961 0.058594 0.052734
0 0.977539 0.208984 0.041016 0.054688
0 0.864258 0.270508 0.060547 0.052734
0 0.928711 0.268555 0.060547 0.052734
0 0.982422 0.266602 0.035156 0.048828
0 0.863281 0.335938 0.062500 0.050781
0 0.926758 0.334961 0.060547 0.052734
0 0.862305 0.404297 0.056641 0.050781
0 0.929688 0.400391 0.062500 0.050781
0 0.981445 0.401367 0.033203 0.052734
0 0.866211 0.467773 0.060547 0.048828
0 0.927734 0.467773 0.054688 0.048828
0 0.979492 0.467773 0.037109 0.048828
0 0.927734 0.531250 0.042969 0.039062
0 0.985352 0.529297 0.029297 0.039062
