0 0.578125 0.092773 0.074219 0.056641
0 0.523438 0.161133 0.050781 0.044922
0 0.735352 0.106445 0.072266 0.060547
0 0.625000 0.203125 0.097656 0.082031
0 0.629883 0.328125 0.091797 0.078125
0 0.503906 0.331055 0.089844 0.080078
0 0.554688 0.444336 0.066406 0.064453
0 0.492188 0.562500 0.062500 0.058594
0 0.495117 0.632812 0.064453 0.062500
0 0.560547 0.562500 0.070312 0.058594
0 0.563477 0.631836 0.068359 0.064453
0 0.678711 0.629883 0.072266 0.060547
0 0.734375 0.530273 0.054688 0.044922
0 0.492188 0.745117 0.093750 0.083984
0 0.461914 0.855469 0.095703 0.089844
0 0.568359 0.887695 0.093750 0.083984
2 0.643555 0.098633 0.056641 0.048828
2 0.821289 0.154297 0.076172 0.062500
2 0.640625 0.440430 0.078125 0.060547
2 0.733398 0.443359 0.060547 0.042969
2 0.825195 0.532227 0.072266 0.064453
2 0.201172 0.782227 0.171875 0.162109
2 0.201172 0.984375 0.128906 0.031250
2 0.531250 0.983398 0.128906 0.033203
