0 0.145508 0.586914 0.083984 0.072266
0 0.145508 0.675781 0.080078 0.070312
0 0.144531 0.768555 0.078125 0.068359
0 0.390625 0.648438 0.175781 0.160156
0 0.873047 0.692383 0.167969 0.158203
0 0.870117 0.340820 0.166016 0.158203
0 0.338867 0.271484 0.052734 0.046875
0 0.404297 0.269531 0.054688 0.046875
0 0.405273 0.331055 0.052734 0.048828
0 0.406250 0.391602 0.050781 0.048828
0 0.341797 0.332031 0.054688 0.050781
0 0.342773 0.392578 0.052734 0.046875
0 0.280273 0.332031 0.052734 0.046875
0 0.281250 0.394531 0.050781 0.046875
0 0.206055 0.397461 0.064453 0.056641
0 0.212891 0.331055 0.039062 0.037109
2 0.869141 0.070312 -0.171875 -0.136719
