0 0.295898 0.043945 -0.130859 -0.087891
0 0.458984 0.058594 -0.128906 -0.113281
0 0.625977 0.057617 -0.130859 -0.111328
0 0.297852 0.221680 0.134766 0.130859
0 0.462891 0.217773 0.136719 0.130859
0 0.628906 0.216797 0.136719 0.136719
0 0.793945 0.209961 -0.134766 -0.130859
0 0.942383 0.050781 0.111328 -0.101562
0 0.031250 0.226562 0.042969 0.042969
0 0.541016 0.969727 0.132812 0.056641
0 0.842773 0.777344 0.041016 0.039062
0 0.841797 0.717773 0.042969 0.037109
0 0.686523 0.677734 0.060547 0.058594
0 0.828125 0.611328 0.093750 0.089844
0 0.686523 0.595703 0.060547 0.058594
0 0.596680 0.521484 0.064453 0.058594
0 0.606445 0.436523 0.083984 0.080078
0 0.690430 0.425781 0.064453 0.058594
0 0.828125 0.445312 0.089844 0.085938
2 0.030273 0.375000 -0.060547 -0.171875
2 0.249023 0.496094 0.134766 0.132812
2 0.259766 0.693359 0.132812 0.128906
2 0.082031 0.722656 0.136719 0.132812
2 0.105469 0.917969 0.132812 0.132812
2 0.264648 0.970703 0.130859 0.054688
2 0.750000 0.968750 0.132812 0.058594
2 0.943359 0.966797 0.113281 0.062500
2 0.970703 0.444336 0.054688 0.126953
2 0.972656 0.636719 0.050781 0.125000
