0 0.427734 0.781250 0.023438 0.019531
0 0.453125 0.782227 0.023438 0.021484
0 0.428711 0.805664 0.021484 0.021484
0 0.458008 0.805664 0.025391 0.021484
0 0.430664 0.831055 0.021484 0.021484
0 0.458984 0.829102 0.023438 0.021484
0 0.894531 0.769531 0.023438 0.023438
0 0.895508 0.794922 0.025391 0.023438
0 0.923828 0.767578 0.023438 0.023438
0 0.923828 0.793945 0.023438 0.021484
0 0.946289 0.767578 0.021484 0.023438
0 0.948242 0.793945 0.021484 0.021484
0 0.982422 0.785156 0.035156 0.035156
0 0.983398 0.839844 -0.029297 -0.035156
0 0.962891 0.888672 0.027344 0.023438
1 0.488281 0.871094 -0.035156 -0.046875
1 0.495117 0.801758 0.052734 0.060547
1 0.565430 0.799805 0.083984 0.064453
1 0.539062 0.869141 0.031250 0.046875
1 0.795898 0.785156 0.060547 0.042969
1 0.804688 0.838867 0.050781 0.029297
1 0.854492 0.784180 0.052734 0.048828
1 0.927734 0.842773 0.074219 0.037109
2 0.388672 0.876953 0.054688 0.058594
2 0.294922 0.975586 0.058594 0.044922
