0 0.241211 0.798828 0.033203 0.027344
0 0.241211 0.844727 0.037109 0.033203
0 0.283203 0.829102 0.035156 0.033203
0 0.426758 0.776367 0.048828 0.041016
0 0.427734 0.831055 0.042969 0.041016
0 0.505859 0.812500 0.046875 0.039062
0 0.518555 0.767578 0.025391 0.019531
0 0.694336 0.538086 0.029297 0.029297
0 0.725586 0.544922 0.025391 0.023438
0 0.750977 0.544922 0.021484 0.023438
0 0.858398 0.685547 0.111328 0.105469
0 0.662109 0.686523 0.128906 0.119141
0 0.669922 0.902344 0.128906 0.121094
0 0.872070 0.903320 0.126953 0.123047
