0 0.056641 0.787109 0.035156 0.035156
0 0.059570 0.840820 0.037109 0.037109
0 0.117188 0.897461 0.042969 0.044922
0 0.176758 0.892578 0.044922 0.046875
0 0.020508 0.768555 0.025391 0.025391
0 0.020508 0.793945 0.025391 0.021484
0 0.035156 0.888672 0.027344 0.023438
0 0.134766 0.140625 0.117188 0.121094
0 0.850586 0.839844 0.048828 0.046875
0 0.916992 0.837891 0.048828 0.046875
0 0.916992 0.896484 0.048828 0.046875
0 0.853516 0.960938 0.050781 0.046875
0 0.918945 0.958008 0.048828 0.048828
0 0.962891 0.947266 0.023438 0.023438
0 0.992188 0.947266 0.015625 0.023438
0 0.959961 0.827148 0.025391 0.025391
0 0.989258 0.826172 0.021484 0.023438
1 0.019531 0.840820 0.035156 0.037109
1 0.117188 0.847656 0.054688 0.042969
1 0.174805 0.833008 0.052734 0.060547
