0 0.328125 0.573242 0.054688 0.041016
0 0.396484 0.581055 0.058594 0.041016
0 0.328125 0.623047 0.054688 0.042969
0 0.394531 0.625977 0.050781 0.041016
0 0.393555 0.672852 0.052734 0.044922
0 0.291016 0.710938 0.089844 0.082031
0 0.199219 0.714844 0.078125 0.066406
0 0.238281 0.816406 0.078125 0.066406
0 0.162109 0.897461 0.046875 0.041016
0 0.206055 0.899414 0.044922 0.041016
0 0.252930 0.899414 0.044922 0.037109
0 0.163086 0.941406 0.044922 0.039062
0 0.206055 0.943359 0.041016 0.039062
0 0.252930 0.943359 0.048828 0.039062
0 0.660156 0.926758 0.132812 0.119141
0 0.837891 0.928711 0.113281 0.103516
0 0.962891 0.918945 0.070312 0.103516
0 0.670898 0.737305 0.115234 0.107422
0 0.819336 0.730469 0.115234 0.105469
0 0.958984 0.727539 0.078125 0.103516
0 0.959961 0.581055 0.080078 0.111328
0 0.815430 0.583008 0.111328 0.103516
0 0.667969 0.587891 0.113281 0.105469
0 0.672852 0.414062 0.154297 0.144531
0 0.947266 0.404297 0.101562 0.121094
0 0.820312 0.286133 0.132812 0.126953
