0 0.050781 0.404297 -0.097656 -0.121094
0 0.051758 0.577148 -0.099609 -0.107422
0 0.053711 0.727539 -0.107422 -0.103516
0 0.057617 0.917969 0.111328 0.105469
0 0.375000 0.873047 0.066406 0.058594
0 0.378906 0.958984 0.066406 0.062500
0 0.458984 0.875000 0.066406 0.062500
0 0.461914 0.958984 0.068359 0.058594
0 0.540039 0.875977 0.064453 0.056641
0 0.542969 0.958008 0.062500 0.056641
0 0.627930 0.957031 0.064453 0.058594
0 0.625000 0.873047 0.066406 0.058594
0 0.704102 0.871094 0.064453 0.058594
0 0.708984 0.956055 0.066406 0.060547
0 0.388672 0.725586 0.113281 0.103516
0 0.536133 0.722656 0.111328 0.105469
0 0.684570 0.723633 0.111328 0.103516
0 0.382812 0.576172 0.113281 0.101562
0 0.531250 0.575195 0.109375 0.103516
0 0.680664 0.575195 0.111328 0.103516
0 0.543945 0.016602 -0.111328 -0.029297
0 0.389648 0.016602 -0.111328 -0.029297
