0 0.160156 0.410156 0.046875 0.046875
0 0.257812 0.521484 0.027344 0.027344
0 0.183594 0.580078 0.117188 0.121094
0 0.333008 0.574219 0.115234 0.117188
0 0.188477 0.744141 0.115234 0.117188
0 0.336914 0.742188 0.115234 0.117188
0 0.192383 0.897461 0.119141 0.119141
0 0.340820 0.894531 0.119141 0.117188
0 0.551758 0.880859 0.130859 0.128906
0 0.708008 0.869141 0.119141 0.117188
0 0.876953 0.860352 0.132812 0.126953
0 0.875000 0.693359 0.125000 0.125000
0 0.706055 0.719727 0.115234 0.119141
0 0.555664 0.721680 0.115234 0.115234
0 0.553711 0.573242 0.119141 0.119141
0 0.702148 0.569336 0.115234 0.115234
0 0.870117 0.529297 0.130859 0.132812
0 0.919922 0.088867 0.042969 0.044922
0 0.851562 0.033203 0.046875 0.046875
0 0.918945 0.029297 0.048828 0.046875
0 0.963867 0.020508 0.025391 0.025391
