0 0.028320 0.202148 0.044922 0.041016
0 0.028320 0.260742 0.044922 0.041016
0 0.042969 0.360352 0.066406 0.064453
0 0.237305 0.361328 0.041016 0.039062
0 0.237305 0.414062 0.041016 0.039062
0 0.032227 0.469727 0.041016 0.041016
0 0.551758 0.978516 0.123047 0.042969
0 0.762695 0.976562 0.123047 0.042969
0 0.950195 0.975586 0.095703 0.044922
0 0.756836 0.562500 0.134766 0.132812
0 0.544922 0.352539 0.136719 0.130859
0 0.542969 0.081055 0.136719 0.130859
2 0.267578 0.081055 0.136719 0.130859
2 0.107422 0.029297 -0.125000 -0.054688
2 0.180664 0.541992 0.134766 0.134766
2 0.017578 0.609375 -0.035156 -0.113281
2 0.162109 0.728516 0.132812 0.132812
2 0.115234 0.937500 0.132812 0.125000
2 0.017578 0.794922 -0.035156 -0.117188
2 0.549805 0.809570 0.134766 0.134766
2 0.759766 0.805664 0.136719 0.130859
2 0.947266 0.804688 0.101562 0.132812
2 0.548828 0.561523 0.132812 0.130859
2 0.948242 0.555664 0.103516 0.134766
2 0.945312 0.346680 0.105469 0.134766
2 0.751953 0.350586 0.136719 0.134766
2 0.945312 0.074219 0.109375 0.132812
2 0.750000 0.077148 0.132812 0.130859
