0 0.361328 0.217773 0.070312 0.064453
0 0.492188 0.202148 0.066406 0.060547
0 0.362305 0.330078 0.072266 0.070312
0 0.494141 0.320312 0.058594 0.058594
0 0.370117 0.497070 0.080078 0.072266
0 0.378906 0.805664 0.066406 0.064453
0 0.512695 0.794922 0.060547 0.058594
0 0.518555 0.944336 0.064453 0.064453
0 0.545898 0.755859 0.033203 0.023438
0 0.970703 0.836914 0.054688 0.080078
0 0.968750 0.739258 0.058594 0.076172
0 0.966797 0.642578 0.062500 0.074219
0 0.850586 0.611328 0.056641 0.046875
0 0.971680 0.560547 0.052734 0.046875
0 0.973633 0.494141 0.048828 0.042969
0 0.970703 0.427734 0.042969 0.039062
0 0.861328 0.508789 0.039062 0.037109
0 0.810547 0.512695 0.042969 0.037109
0 0.861328 0.455078 0.039062 0.039062
0 0.807617 0.459961 0.044922 0.037109
0 0.668945 0.495117 0.115234 0.103516
0 0.805664 0.406250 0.041016 0.035156
0 0.857422 0.402344 0.042969 0.039062
0 0.854492 0.350586 0.041016 0.037109
0 0.801758 0.353516 0.041016 0.039062
0 0.801758 0.264648 0.048828 0.044922
0 0.872070 0.017578 -0.111328 -0.031250
0 0.671875 0.017578 -0.113281 -0.031250
