0 0.958008 0.203125 0.044922 0.042969
0 0.958984 0.262695 0.042969 0.044922
0 0.833008 0.258789 0.060547 0.060547
0 0.836914 0.370117 0.068359 0.068359
0 0.968750 0.360352 0.058594 0.064453
0 0.821289 0.473633 0.037109 0.041016
0 0.890625 0.470703 0.039062 0.039062
0 0.961914 0.469727 0.041016 0.041016
0 0.363281 0.958984 -0.062500 -0.058594
0 0.448242 0.958008 0.064453 0.060547
0 0.156250 0.976562 0.058594 0.046875
2 0.860352 0.084961 0.134766 0.130859
2 0.896484 0.608398 0.132812 0.130859
2 0.897461 0.793945 0.134766 0.134766
2 0.858398 0.947266 0.134766 0.101562
2 0.651367 0.937500 -0.134766 -0.121094
2 0.478516 0.768555 0.167969 0.169922
