0 0.551758 0.095703 0.134766 0.128906
0 0.761719 0.092773 0.136719 0.130859
0 0.950195 0.087891 0.099609 0.128906
0 0.570312 0.474609 0.140625 0.136719
0 0.175781 0.413086 0.125000 0.119141
2 0.115234 0.039062 -0.128906 -0.078125
2 0.862305 0.397461 0.197266 0.193359
2 0.549805 0.783203 0.134766 0.132812
2 0.734375 0.781250 0.136719 0.132812
2 0.928711 0.778320 0.134766 0.134766
2 0.735352 0.951172 0.134766 0.093750
2 0.548828 0.951172 0.136719 0.093750
2 0.213867 0.766602 0.115234 0.111328
2 0.060547 0.832031 -0.121094 -0.136719
