0 0.162109 0.018555 0.042969 -0.033203
0 0.207031 0.017578 0.042969 -0.035156
0 0.253906 0.018555 0.046875 -0.033203
0 0.163086 0.077148 0.041016 0.037109
0 0.206055 0.077148 0.041016 0.037109
0 0.250000 0.078125 0.042969 0.039062
0 0.163086 0.118164 0.041016 0.033203
0 0.207031 0.121094 0.042969 0.035156
0 0.253906 0.123047 0.046875 0.035156
0 0.164062 0.184570 0.042969 0.041016
0 0.209961 0.185547 0.044922 0.039062
0 0.255859 0.187500 0.046875 0.039062
0 0.165039 0.228516 0.044922 0.039062
0 0.210938 0.230469 0.042969 0.039062
0 0.256836 0.230469 0.044922 0.035156
0 0.380859 0.240234 0.035156 0.027344
0 0.418945 0.242188 0.041016 0.027344
0 0.343750 0.278320 0.027344 0.025391
0 0.378906 0.276367 -0.035156 -0.025391
0 0.412109 0.277344 0.031250 0.027344
0 0.444336 0.278320 0.033203 0.025391
0 0.352539 0.330078 0.044922 0.039062
0 0.395508 0.332031 0.041016 0.039062
0 0.352539 0.374023 0.041016 0.037109
0 0.395508 0.375000 0.041016 0.039062
0 0.441406 0.332031 0.046875 0.039062
0 0.440430 0.376953 0.041016 0.039062
0 0.183594 0.393555 0.074219 0.060547
0 0.244141 0.449219 0.074219 0.062500
0 0.184570 0.504883 0.072266 0.060547
0 0.350586 0.459961 -0.044922 -0.037109
0 0.395508 0.461914 0.041016 0.037109
0 0.441406 0.463867 0.046875 0.037109
0 0.351562 0.504883 0.042969 0.037109
0 0.395508 0.505859 0.041016 0.035156
0 0.442383 0.508789 0.044922 0.037109
0 0.350586 0.563477 0.044922 0.037109
0 0.394531 0.566406 0.042969 0.039062
0 0.436523 0.569336 0.041016 0.037109
0 0.347656 0.608398 0.042969 0.037109
0 0.392578 0.610352 0.042969 0.037109
0 0.438477 0.612305 0.048828 0.037109
0 0.347656 0.669922 0.042969 0.035156
0 0.390625 0.670898 0.039062 0.037109
0 0.437500 0.671875 0.046875 0.035156
0 0.185547 0.601562 0.074219 0.062500
0 0.245117 0.657227 0.072266 0.060547
0 0.184570 0.713867 0.072266 0.060547
0 0.347656 0.714844 0.042969 0.035156
0 0.392578 0.714844 0.042969 0.035156
0 0.439453 0.717773 0.046875 0.037109
0 0.347656 0.767578 0.042969 0.039062
0 0.392578 0.770508 0.042969 0.041016
0 0.440430 0.771484 0.044922 0.039062
0 0.189453 0.812500 0.070312 0.066406
0 0.247070 0.868164 0.072266 0.060547
0 0.194336 0.931641 0.076172 0.062500
0 0.348633 0.815430 0.044922 0.037109
0 0.395508 0.818359 0.044922 0.035156
0 0.442383 0.818359 0.044922 0.035156
0 0.344727 0.881836 0.044922 0.041016
0 0.389648 0.882812 0.041016 0.039062
0 0.434570 0.884766 0.041016 0.039062
0 0.351562 0.926758 0.042969 0.041016
0 0.398438 0.927734 0.046875 0.042969
0 0.349609 0.078125 0.027344 0.023438
0 0.378906 0.078125 0.027344 0.023438
0 0.412109 0.078125 0.031250 0.023438
0 0.349609 0.109375 0.031250 0.023438
0 0.378906 0.108398 0.027344 0.025391
0 0.410156 0.109375 0.031250 0.023438
0 0.658203 0.028320 0.128906 -0.056641
0 0.835938 0.026367 0.109375 -0.048828
0 0.618164 0.180664 0.068359 0.060547
0 0.702148 0.178711 0.064453 0.060547
0 0.622070 0.263672 0.064453 0.058594
0 0.703125 0.262695 0.066406 0.060547
0 0.624023 0.348633 0.068359 0.060547
0 0.706055 0.346680 0.068359 0.060547
0 0.625977 0.431641 0.068359 0.058594
0 0.708008 0.428711 0.068359 0.056641
0 0.821289 0.389648 0.048828 0.041016
0 0.874023 0.386719 0.052734 0.042969
0 0.926758 0.384766 0.052734 0.042969
0 0.976562 0.382812 0.042969 0.042969
0 0.824219 0.439453 0.050781 0.042969
0 0.875977 0.438477 0.048828 0.041016
0 0.927734 0.437500 0.046875 0.042969
0 0.975586 0.436523 0.041016 0.044922
0 0.862305 0.176758 0.115234 0.103516
0 0.963867 0.250000 0.068359 0.109375
0 0.962891 0.023438 0.070312 -0.042969
