0 0.159180 0.056641 0.060547 0.058594
0 0.362305 0.032227 0.064453 0.060547
0 0.447266 0.029297 0.062500 0.058594
0 0.368164 0.228516 0.048828 0.046875
0 0.449219 0.226562 0.058594 0.054688
0 0.369141 0.351562 0.046875 0.046875
0 0.451172 0.348633 0.062500 0.060547
0 0.372070 0.491211 0.087891 0.087891
0 0.126953 0.831055 0.101562 0.103516
2 0.650391 0.041016 0.132812 0.082031
2 0.858398 0.051758 0.130859 -0.103516
2 0.635742 0.266602 0.126953 0.123047
2 0.880859 0.425781 0.109375 0.109375
2 0.637695 0.484375 0.126953 0.125000
2 0.426758 0.825195 0.123047 0.123047
2 0.695312 0.833984 0.132812 0.136719
2 0.955078 0.833008 0.085938 0.134766
