0 0.050781 0.382812 0.050781 0.042969
0 0.103516 0.382812 0.046875 0.042969
0 0.011719 0.384766 -0.023438 -0.042969
0 0.106445 0.433594 0.048828 0.042969
0 0.050781 0.436523 0.050781 0.041016
0 0.013672 0.437500 -0.023438 -0.042969
0 0.392578 0.416016 0.050781 0.039062
0 0.442383 0.414062 0.048828 0.039062
0 0.496094 0.410156 0.046875 0.039062
0 0.548828 0.404297 0.050781 0.039062
0 0.392578 0.468750 0.050781 0.039062
0 0.445312 0.464844 0.046875 0.039062
0 0.498047 0.459961 0.050781 0.041016
0 0.550781 0.458008 0.046875 0.041016
0 0.394531 0.521484 0.050781 0.039062
0 0.446289 0.517578 0.048828 0.039062
0 0.638672 0.395508 0.046875 0.041016
0 0.644531 0.450195 0.050781 0.041016
0 0.689453 0.391602 0.046875 0.037109
0 0.741211 0.386719 0.044922 0.035156
0 0.793945 0.381836 0.044922 0.037109
0 0.696289 0.446289 0.048828 0.037109
0 0.747070 0.439453 0.044922 0.039062
0 0.727539 0.181641 0.044922 0.035156
0 0.773438 0.182617 0.042969 0.037109
0 0.729492 0.228516 0.041016 0.035156
0 0.774414 0.227539 0.044922 0.037109
0 0.728516 0.283203 0.046875 0.039062
0 0.781250 0.281250 0.046875 0.042969
0 0.387695 0.197266 0.068359 0.058594
0 0.470703 0.196289 0.066406 0.056641
0 0.392578 0.279297 0.070312 0.058594
0 0.477539 0.282227 0.068359 0.064453
0 0.552734 0.195312 0.066406 0.058594
0 0.558594 0.278320 0.066406 0.060547
0 0.637695 0.194336 0.064453 0.060547
0 0.642578 0.277344 0.066406 0.058594
0 0.378906 0.032227 0.070312 -0.056641
0 0.464844 0.031250 0.070312 -0.058594
0 0.543945 0.030273 0.068359 -0.056641
0 0.626953 0.030273 0.066406 -0.060547
0 0.709961 0.029297 0.068359 -0.058594
0 0.061523 0.246094 0.115234 0.105469
0 0.055664 0.022461 0.107422 -0.041016
