0 0.048828 0.144531 -0.097656 -0.117188
0 0.043945 0.447266 -0.080078 -0.105469
0 0.041016 0.721680 -0.078125 -0.103516
0 0.214844 0.793945 0.046875 0.048828
0 0.296875 0.793945 0.050781 0.048828
0 0.216797 0.884766 0.046875 0.046875
0 0.086914 0.911133 0.041016 0.037109
0 0.040039 0.965820 -0.080078 0.064453
0 0.647461 0.931641 0.134766 0.128906
0 0.928711 0.690430 0.134766 0.130859
0 0.970703 0.375000 0.054688 0.125000
2 0.223633 0.159180 0.169922 0.169922
2 0.556641 0.792969 0.136719 0.132812
2 0.743164 0.787109 0.134766 0.132812
2 0.742188 0.599609 0.132812 0.128906
2 0.557617 0.601562 0.138672 0.132812
2 0.899414 0.500977 0.130859 0.126953
2 0.742188 0.412109 0.136719 0.132812
2 0.554688 0.415039 0.132812 0.130859
2 0.935547 0.224609 0.125000 0.128906
2 0.737305 0.226562 0.130859 0.128906
2 0.553711 0.227539 0.134766 0.130859
2 0.550781 0.054688 0.136719 0.105469
2 0.736328 0.053711 0.132812 -0.103516
