0 0.132812 0.428711 0.109375 0.107422
0 0.645508 0.362305 0.044922 0.041016
0 0.728516 0.360352 0.042969 0.041016
0 0.952148 0.447266 0.091797 0.105469
0 0.731445 0.463867 0.056641 0.052734
0 0.649414 0.560547 0.044922 0.039062
0 0.750977 0.666992 0.056641 0.056641
0 0.950195 0.719727 0.099609 0.103516
0 0.945312 0.964844 0.105469 0.066406
0 0.723633 0.971680 0.091797 0.052734
0 0.498047 0.967773 0.105469 0.060547
0 0.695312 0.144531 0.109375 0.101562
0 0.950195 0.143555 0.099609 0.123047
2 0.743164 0.565430 0.060547 0.056641
2 0.307617 0.978516 0.080078 0.039062
