0 0.138672 0.236328 0.046875 0.039062
0 0.083984 0.336914 0.050781 0.041016
0 0.080078 0.399414 0.042969 0.033203
0 0.083984 0.458008 0.046875 0.041016
0 0.026367 0.461914 0.041016 0.033203
0 0.023438 0.400391 -0.039062 -0.042969
0 0.021484 0.336914 -0.039062 -0.041016
0 0.219727 0.298828 0.033203 0.027344
0 0.264648 0.293945 0.025391 0.025391
0 0.386719 0.418945 0.027344 0.029297
0 0.216797 0.334961 0.031250 0.033203
0 0.257812 0.333984 0.031250 0.031250
0 0.176758 0.526367 0.033203 0.025391
0 0.120117 0.527344 0.033203 0.023438
0 0.179688 0.581055 0.035156 0.025391
0 0.122070 0.581055 0.037109 0.025391
0 0.118164 0.621094 0.029297 0.027344
0 0.177734 0.620117 0.031250 0.025391
0 0.025391 0.930664 -0.046875 -0.048828
0 0.556641 0.940430 0.058594 0.044922
0 0.620117 0.940430 0.056641 0.048828
0 0.682617 0.938477 0.060547 0.052734
0 0.553711 0.986328 0.048828 0.027344
0 0.619141 0.986328 0.050781 0.023438
0 0.683594 0.984375 0.050781 0.027344
0 0.746094 0.937500 0.042969 0.035156
0 0.835938 0.964844 0.085938 0.066406
0 0.742188 0.990234 0.035156 0.015625
0 0.929688 0.984375 0.058594 0.031250
1 0.222656 0.600586 0.031250 0.072266
1 0.542969 0.645508 0.039062 0.033203
2 0.732422 0.499023 0.046875 0.048828
2 0.786133 0.500977 0.044922 0.041016
2 0.876953 0.518555 0.101562 0.095703
