0 0.039062 0.057617 -0.078125 -0.107422
0 0.047852 0.134766 0.021484 0.019531
0 0.073242 0.135742 0.021484 0.017578
0 0.096680 0.136719 0.021484 0.019531
0 0.210938 0.130859 0.027344 0.027344
0 0.276367 0.129883 0.029297 0.029297
0 0.343750 0.128906 0.031250 0.031250
0 0.209961 0.193359 0.029297 0.027344
0 0.276367 0.191406 0.029297 0.027344
0 0.278320 0.253906 0.033203 0.035156
0 0.343750 0.251953 0.027344 0.027344
0 0.279297 0.321289 0.031250 0.033203
0 0.344727 0.318359 0.029297 0.027344
0 0.212891 0.388672 0.027344 0.027344
0 0.279297 0.386719 0.031250 0.027344
0 0.345703 0.386719 0.027344 0.027344
0 0.614258 0.749023 0.033203 0.033203
0 0.549805 0.141602 0.138672 0.134766
0 0.643555 0.036133 -0.142578 -0.072266
