0 0.555664 0.072266 0.056641 0.050781
0 0.620117 0.072266 0.056641 0.054688
0 0.685547 0.070312 0.050781 0.050781
0 0.555664 0.018555 0.056641 0.033203
0 0.617188 0.020508 0.058594 -0.037109
0 0.678711 0.019531 0.056641 -0.035156
0 0.746094 0.014648 0.042969 -0.025391
0 0.838867 0.041992 0.087891 0.076172
0 0.931641 0.068359 0.062500 0.050781
0 0.746094 0.068359 0.035156 0.027344
0 0.930664 0.133789 0.048828 0.044922
0 0.868164 0.133789 0.048828 0.044922
0 0.807617 0.135742 0.048828 0.044922
0 0.743164 0.135742 0.044922 0.041016
0 0.620117 0.137695 0.056641 0.048828
0 0.555664 0.139648 0.056641 0.048828
0 0.027344 0.014648 -0.050781 -0.029297
0 0.774414 0.524414 0.048828 0.033203
0 0.868164 0.412109 0.033203 0.027344
0 0.557617 0.207031 0.056641 0.050781
0 0.624023 0.203125 0.060547 0.050781
0 0.687500 0.203125 0.054688 0.046875
0 0.558594 0.270508 0.054688 0.048828
0 0.622070 0.269531 0.052734 0.046875
0 0.683594 0.268555 0.054688 0.048828
0 0.746094 0.203125 0.046875 0.042969
0 0.805664 0.202148 0.056641 0.056641
0 0.868164 0.201172 0.060547 0.050781
0 0.930664 0.198242 0.056641 0.052734
0 0.932617 0.265625 0.056641 0.050781
0 0.784180 0.256836 0.037109 0.029297
0 0.825195 0.256836 0.033203 0.029297
0 0.865234 0.257812 0.039062 0.031250
0 0.781250 0.297852 0.035156 0.029297
0 0.826172 0.294922 0.039062 0.031250
0 0.868164 0.294922 0.037109 0.031250
0 0.623047 0.333984 0.046875 0.039062
0 0.688477 0.332031 0.044922 0.042969
0 0.736328 0.331055 0.039062 0.041016
0 0.781250 0.338867 0.031250 0.029297
0 0.823242 0.337891 0.029297 0.027344
