0 0.179688 0.094727 0.082031 0.056641
0 0.253906 0.459961 0.058594 0.044922
0 0.337891 0.644531 0.050781 0.054688
0 0.214844 0.891602 0.050781 0.044922
0 0.270508 0.826172 0.072266 0.058594
0 0.318359 0.933594 0.089844 0.082031
0 0.429688 0.835938 0.074219 0.062500
0 0.945312 0.012695 -0.050781 -0.025391
2 0.248047 0.277344 0.066406 0.054688
2 0.331055 0.278320 0.068359 0.052734
2 0.166992 0.352539 0.068359 0.052734
2 0.248047 0.353516 0.062500 0.050781
2 0.335938 0.459961 0.058594 0.044922
2 0.348633 0.530273 0.052734 0.044922
2 0.158203 0.646484 0.062500 0.054688
2 0.219727 0.646484 0.060547 0.054688
2 0.282227 0.644531 0.056641 0.054688
2 0.337891 0.830078 0.054688 0.046875
2 0.514648 0.885742 0.072266 0.060547
