0 0.147461 0.047852 0.095703 0.083984
0 0.017578 0.068359 -0.031250 -0.054688
0 0.015625 0.132812 -0.027344 -0.042969
0 0.015625 0.198242 -0.031250 -0.052734
0 0.018555 0.265625 -0.033203 -0.054688
0 0.100586 0.198242 0.048828 0.044922
0 0.150391 0.204102 0.031250 0.033203
0 0.185547 0.203125 0.031250 0.031250
0 0.218750 0.203125 0.031250 0.031250
0 0.256836 0.203125 0.029297 0.031250
0 0.099609 0.267578 0.046875 0.042969
0 0.151367 0.273438 0.033203 0.031250
0 0.183594 0.274414 0.023438 0.021484
0 0.214844 0.276367 0.023438 0.021484
0 0.242188 0.276367 0.023438 0.025391
0 0.100586 0.323242 0.048828 0.041016
0 0.151367 0.324219 0.048828 0.042969
0 0.188477 0.304688 0.021484 0.023438
0 0.216797 0.302734 0.023438 0.023438
0 0.191406 0.331055 0.023438 0.021484
0 0.220703 0.331055 0.023438 0.021484
2 0.547852 0.879883 0.126953 0.123047
