0 0.316406 0.024414 0.101562 -0.044922
0 0.204102 0.134766 0.099609 0.082031
0 0.323242 0.129883 0.099609 0.083984
0 0.248047 0.246094 0.066406 0.062500
0 0.428711 0.334961 0.056641 0.044922
0 0.186523 0.367188 0.060547 0.058594
0 0.254883 0.366211 0.072266 0.060547
0 0.188477 0.435547 0.068359 0.062500
0 0.258789 0.434570 0.068359 0.060547
0 0.374023 0.434570 0.072266 0.060547
0 0.187500 0.548828 0.097656 0.082031
0 0.158203 0.657227 0.093750 0.091797
0 0.263672 0.692383 0.089844 0.080078
0 0.774414 0.397461 0.025391 0.025391
2 0.333984 0.246094 0.082031 0.058594
2 0.428711 0.244141 0.060547 0.046875
2 0.520508 0.333008 0.076172 0.064453
2 0.229492 0.848633 0.162109 0.158203
