0 0.661133 0.087891 0.029297 0.031250
0 0.662109 0.122070 0.031250 0.033203
0 0.676758 0.188477 0.025391 0.029297
0 0.505859 0.280273 0.035156 0.033203
0 0.644531 0.371094 0.027344 0.027344
0 0.679688 0.371094 0.023438 0.027344
0 0.677734 0.341797 0.027344 0.027344
0 0.677734 0.312500 0.027344 0.023438
0 0.676758 0.284180 0.025391 0.025391
0 0.640625 0.286133 0.019531 0.017578
0 0.639648 0.312500 0.021484 0.019531
0 0.640625 0.342773 0.019531 0.017578
0 0.674805 0.510742 0.037109 0.037109
0 0.677734 0.549805 0.027344 0.029297
0 0.676758 0.583984 0.025391 0.027344
0 0.677734 0.623047 0.027344 0.027344
0 0.678711 0.662109 0.021484 0.023438
0 0.468750 0.514648 0.019531 0.017578
0 0.469727 0.539062 0.021484 0.019531
0 0.470703 0.568359 0.023438 0.023438
0 0.471680 0.658203 0.025391 0.027344
0 0.420898 0.678711 0.029297 0.029297
0 0.424805 0.731445 0.029297 0.029297
0 0.466797 0.732422 0.035156 0.035156
0 0.678711 0.750000 0.029297 0.027344
0 0.413086 0.942383 0.044922 0.041016
0 0.425781 0.991211 0.042969 0.017578
0 0.807617 0.948242 0.033203 0.037109
0 0.809570 0.988281 0.041016 0.023438
1 0.666016 0.037109 0.042969 0.066406
1 0.655273 0.176758 0.017578 0.060547
1 0.509766 0.328125 0.042969 0.058594
1 0.629883 0.535156 0.021484 0.085938
1 0.629883 0.645508 0.021484 0.068359
1 0.632812 0.769531 0.023438 0.070312
1 0.497070 0.050781 0.017578 0.046875
