0 0.037109 0.528320 -0.074219 -0.095703
0 0.148438 0.527344 0.093750 0.093750
0 0.268555 0.527344 0.095703 0.093750
0 0.270508 0.647461 0.091797 0.095703
0 0.149414 0.646484 0.095703 0.093750
0 0.038086 0.649414 -0.076172 -0.099609
0 0.038086 0.772461 -0.076172 -0.095703
0 0.151367 0.769531 0.087891 0.093750
0 0.270508 0.771484 0.091797 0.093750
0 0.272461 0.901367 0.095703 0.099609
0 0.150391 0.899414 0.089844 0.095703
0 0.040039 0.901367 -0.080078 -0.095703
0 0.676758 0.916016 0.048828 0.050781
0 0.748047 0.918945 0.050781 0.056641
0 0.675781 0.987305 0.046875 0.021484
0 0.747070 0.988281 0.044922 0.027344
0 0.865234 0.973633 0.066406 0.048828
