0 0.802734 0.247070 0.062500 0.064453
0 0.906250 0.245117 0.062500 0.064453
0 0.909180 0.349609 0.064453 0.066406
0 0.804688 0.350586 0.062500 0.064453
0 0.716797 0.526367 0.093750 0.091797
0 0.837891 0.527344 0.093750 0.093750
0 0.956055 0.526367 0.087891 0.095703
0 0.715820 0.647461 0.091797 0.095703
0 0.837891 0.647461 0.093750 0.095703
0 0.956055 0.647461 0.087891 0.095703
0 0.714844 0.771484 0.097656 0.097656
0 0.839844 0.772461 0.093750 0.091797
0 0.956055 0.771484 0.087891 0.093750
0 0.716797 0.900391 0.097656 0.097656
0 0.839844 0.898438 0.093750 0.097656
0 0.956055 0.898438 0.087891 0.097656
0 0.670898 0.015625 0.037109 0.031250
