0 0.427734 0.078125 0.046875 0.046875
0 0.411133 0.019531 -0.041016 -0.039062
0 0.049805 0.143555 0.025391 0.025391
0 0.081055 0.114258 0.025391 0.025391
0 0.409180 0.180664 0.029297 0.033203
0 0.432617 0.203125 0.029297 0.027344
0 0.374023 0.142578 0.021484 0.019531
0 0.373047 0.171875 0.019531 0.019531
0 0.375977 0.201172 0.021484 0.019531
0 0.331055 0.384766 0.025391 0.023438
0 0.386719 0.458984 0.023438 0.023438
0 0.417969 0.458008 0.027344 0.025391
0 0.129883 0.606445 0.033203 0.029297
0 0.135742 0.653320 0.041016 0.041016
0 0.176758 0.596680 0.025391 0.025391
0 0.178711 0.660156 0.029297 0.027344
0 0.178711 0.627930 0.021484 0.021484
0 0.216797 0.593750 0.023438 0.023438
0 0.215820 0.661133 0.021484 0.025391
0 0.214844 0.626953 0.023438 0.023438
0 0.124023 0.749023 0.029297 0.025391
0 0.151367 0.712891 0.025391 0.027344
0 0.126953 0.713867 0.019531 0.017578
0 0.199219 0.747070 0.031250 0.029297
0 0.221680 0.711914 0.021484 0.021484
0 0.196289 0.711914 0.017578 0.017578
0 0.440430 0.256836 0.021484 0.021484
0 0.432617 0.145508 0.021484 0.021484
0 0.807617 0.019531 0.033203 0.035156
0 0.788086 0.041992 0.021484 0.021484
0 0.809570 0.064453 0.037109 0.035156
0 0.808594 0.110352 0.035156 0.037109
0 0.809570 0.157227 0.037109 0.037109
0 0.795898 0.186523 0.021484 0.017578
0 0.821289 0.186523 0.017578 0.017578
0 0.853516 0.031250 0.019531 0.019531
0 0.855469 0.053711 0.019531 0.017578
0 0.854492 0.077148 0.017578 0.017578
0 0.855469 0.100586 0.019531 0.017578
0 0.856445 0.122070 0.017578 0.017578
0 0.856445 0.144531 0.017578 0.019531
0 0.856445 0.164062 0.017578 0.019531
0 0.856445 0.186523 0.017578 0.017578
0 0.840820 0.301758 0.044922 0.044922
1 0.399414 0.389648 0.068359 0.025391
1 0.400391 0.432617 0.062500 0.021484
1 0.319336 0.636719 0.021484 0.062500
