0 0.042969 0.266602 -0.082031 -0.103516
0 0.041992 0.140625 -0.080078 -0.101562
0 0.158203 0.138672 0.097656 0.101562
0 0.156250 0.266602 0.097656 0.103516
0 0.282227 0.139648 0.095703 0.099609
0 0.280273 0.265625 0.091797 0.101562
0 0.676758 0.073242 0.048828 0.048828
0 0.746094 0.071289 0.050781 0.048828
0 0.864258 0.059570 0.076172 0.072266
0 0.723633 0.191406 -0.123047 -0.125000
0 0.878906 0.192383 0.125000 0.126953
0 0.721680 0.348633 0.123047 0.126953
0 0.878906 0.345703 0.121094 0.125000
0 0.722656 0.502930 0.121094 0.126953
0 0.877930 0.502930 0.123047 0.130859
0 0.723633 0.660156 0.119141 0.121094
0 0.878906 0.660156 0.121094 0.125000
0 0.723633 0.816406 0.115234 0.117188
0 0.878906 0.814453 0.121094 0.125000
0 0.878906 0.955078 0.117188 0.085938
0 0.109375 0.682617 0.113281 0.119141
0 0.263672 0.682617 0.117188 0.123047
0 0.233398 0.828125 0.103516 0.105469
0 0.083008 0.827148 0.103516 0.103516
0 0.082031 0.953125 0.101562 0.089844
0 0.232422 0.954102 0.101562 0.091797
