0 0.713867 0.139648 0.091797 0.099609
0 0.836914 0.140625 0.095703 0.097656
0 0.956055 0.139648 0.083984 0.103516
0 0.956055 0.266602 0.083984 0.103516
0 0.838867 0.266602 0.095703 0.103516
0 0.715820 0.264648 0.095703 0.099609
0 0.728516 0.685547 0.117188 0.125000
0 0.883789 0.683594 0.119141 0.125000
0 0.719727 0.830078 0.103516 0.105469
0 0.867188 0.830078 0.101562 0.105469
0 0.717773 0.955078 0.103516 0.089844
0 0.868164 0.954102 0.103516 0.087891
0 0.981445 0.956055 0.037109 0.091797
0 0.980469 0.828125 0.039062 0.101562
0 0.988281 0.682617 0.019531 0.087891
2 0.713867 0.388672 0.095703 0.097656
2 0.713867 0.511719 0.095703 0.097656
