0 0.026367 0.084961 -0.048828 -0.052734
0 0.133789 0.051758 -0.130859 -0.056641
0 0.218750 0.477539 0.085938 0.083984
0 0.491211 0.916016 0.162109 0.156250
0 0.841797 0.845703 0.105469 0.101562
0 0.976562 0.852539 0.046875 0.150391
0 0.835938 0.598633 0.109375 0.111328
0 0.976562 0.595703 0.046875 0.136719
0 0.862305 0.367188 0.134766 0.132812
0 0.859375 0.112305 0.109375 0.107422
0 0.924805 0.041016 0.048828 0.046875
2 0.051758 0.315430 -0.103516 -0.162109
2 0.251953 0.249023 0.167969 0.166016
2 0.289062 0.046875 0.097656 0.046875
2 0.484375 0.246094 0.167969 0.167969
2 0.468750 0.474609 0.164062 0.164062
