0 0.230469 0.032227 -0.113281 -0.060547
0 0.233398 0.146484 0.130859 0.117188
0 0.419922 0.068359 0.136719 0.125000
0 0.423828 0.221680 0.136719 0.126953
0 0.234375 0.291016 0.132812 0.121094
0 0.233398 0.428711 0.115234 0.107422
0 0.423828 0.375977 0.136719 0.126953
0 0.427734 0.530273 0.136719 0.126953
0 0.541992 0.417969 0.056641 0.042969
0 0.544922 0.472656 0.058594 0.039062
0 0.545898 0.526367 0.052734 0.041016
0 0.545898 0.582031 0.056641 0.046875
0 0.235352 0.558594 0.115234 0.105469
0 0.744141 0.059570 0.074219 0.060547
0 0.829102 0.081055 0.091797 0.080078
0 0.941406 0.079102 0.078125 0.064453
0 0.903320 0.217773 0.080078 0.072266
0 0.791016 0.342773 0.109375 0.095703
0 0.930664 0.341797 0.111328 0.097656
0 0.933594 0.471680 0.109375 0.095703
0 0.792969 0.475586 0.109375 0.095703
0 0.791992 0.602539 0.123047 0.107422
0 0.935547 0.604492 0.109375 0.095703
0 0.326172 0.938477 0.148438 0.119141
0 0.477539 0.972656 0.126953 0.054688
