0 0.418945 0.537109 0.103516 0.105469
0 0.313477 0.616211 0.103516 0.099609
0 0.216797 0.709961 0.105469 0.103516
0 0.405273 0.710938 0.103516 0.101562
0 0.544922 0.570312 0.105469 0.105469
0 0.639648 0.666016 0.103516 0.105469
0 0.734375 0.759766 -0.109375 -0.105469
0 0.500000 0.804688 0.105469 0.105469
0 0.593750 0.898438 0.105469 0.101562
0 0.888672 0.907227 0.105469 0.103516
0 0.792969 0.974609 0.105469 0.050781
0 0.964844 0.975586 0.070312 0.048828
0 0.502930 0.969727 0.115234 0.056641
0 0.405273 0.898438 0.103516 0.101562
0 0.312500 0.805664 0.101562 0.103516
0 0.295898 0.979492 0.099609 0.041016
0 0.203125 0.916992 0.105469 0.103516
0 0.110352 0.827148 0.107422 0.107422
