0 0.056641 0.075195 -0.105469 -0.099609
0 0.149414 0.168945 0.107422 0.099609
0 0.053711 0.263672 0.103516 0.101562
0 0.243164 0.264648 0.107422 0.099609
0 0.147461 0.359375 0.107422 0.101562
0 0.242188 0.454102 0.109375 0.103516
0 0.336914 0.358398 0.107422 0.099609
0 0.445312 0.565430 0.179688 0.177734
0 0.623047 0.746094 0.183594 0.179688
0 0.777344 0.903320 0.101562 0.095703
0 0.916992 0.990234 0.080078 0.015625
0 0.417969 0.976562 0.105469 0.042969
0 0.275391 0.857422 0.117188 0.113281
0 0.021484 0.533203 -0.039062 -0.187500
