0 0.272461 0.265625 0.103516 0.101562
0 0.390625 0.177734 0.105469 0.105469
0 0.296875 0.083008 0.101562 0.103516
0 0.199219 0.019531 -0.093750 -0.039062
0 0.499023 0.066406 0.107422 0.101562
0 0.406250 0.010742 -0.089844 -0.021484
0 0.793945 0.074219 0.107422 0.101562
0 0.890625 0.168945 0.105469 0.099609
0 0.964844 0.075195 0.070312 0.103516
0 0.889648 0.014648 -0.083984 -0.029297
0 0.964844 0.264648 0.070312 0.103516
0 0.610352 0.319336 0.248047 0.248047
0 0.090820 0.189453 -0.177734 0.242188
0 0.146484 0.441406 0.105469 0.101562
0 0.155273 0.815430 0.177734 0.181641
0 0.237305 0.981445 0.115234 0.037109
0 0.614258 0.741211 0.244141 0.251953
0 0.798828 0.950195 0.148438 0.103516
0 0.845703 0.526367 0.242188 0.240234
2 0.376953 0.530273 0.246094 0.251953
2 0.038086 0.645508 -0.076172 -0.185547
