0 0.022461 0.110352 -0.044922 -0.111328
0 0.009766 0.478516 -0.019531 -0.078125
0 0.064453 0.801758 0.105469 0.103516
0 0.219727 0.811523 0.130859 0.126953
0 0.371094 0.809570 0.113281 0.099609
0 0.465820 0.904297 -0.115234 -0.101562
0 0.303711 0.936523 0.115234 0.103516
0 0.169922 0.950195 0.113281 0.099609
0 0.034180 0.971680 -0.068359 -0.052734
0 0.560547 0.974609 0.117188 0.050781
0 0.722656 0.855469 0.125000 0.113281
0 0.578125 0.695312 0.175781 0.160156
0 0.966797 0.393555 0.062500 0.099609
