0 0.103516 0.205078 -0.183594 -0.183594
0 0.419922 0.083984 -0.105469 -0.085938
0 0.286133 0.388672 0.177734 0.179688
0 0.466797 0.574219 0.187500 0.187500
0 0.708008 0.366211 0.103516 0.095703
0 0.914062 0.111328 0.121094 0.113281
0 0.891602 0.476562 0.115234 0.105469
0 0.792969 0.571289 0.113281 0.099609
0 0.873047 0.682617 0.109375 0.103516
0 0.692383 0.674805 0.115234 0.103516
0 0.967773 0.802734 0.064453 0.105469
0 0.750000 0.806641 0.109375 0.101562
0 0.845703 0.901367 0.109375 0.099609
0 0.941406 0.973633 0.113281 0.056641
0 0.644531 0.912109 0.109375 0.101562
0 0.738281 0.978516 0.105469 0.042969
0 0.218750 0.886719 0.097656 0.097656
0 0.360352 0.987305 0.099609 0.025391
0 0.091797 0.756836 0.144531 0.142578
1 0.629883 0.169922 0.044922 0.039062
