0 0.036133 0.674805 -0.068359 -0.119141
0 0.089844 0.399414 0.117188 0.115234
0 0.201172 0.518555 0.089844 0.087891
0 0.334961 0.646484 0.080078 0.070312
0 0.653320 0.397461 0.119141 0.115234
0 0.794922 0.543945 0.101562 0.103516
0 0.501953 0.246094 0.101562 0.097656
0 0.362305 0.101562 0.119141 0.113281
0 0.735352 0.080078 0.115234 0.105469
0 0.643555 0.017578 -0.107422 -0.031250
0 0.845703 0.012695 -0.089844 -0.025391
0 0.936523 0.069336 0.111328 0.103516
0 0.983398 0.289062 0.033203 0.105469
0 0.824219 0.756836 0.054688 0.052734
0 0.840820 0.825195 0.060547 0.056641
