0 0.217773 0.190430 0.056641 0.064453
0 0.216797 0.314453 0.046875 0.046875
0 0.051758 0.270508 -0.103516 -0.119141
0 0.048828 0.040039 -0.097656 -0.080078
0 0.560547 0.619141 0.117188 0.117188
0 0.767578 0.666992 0.042969 0.041016
0 0.723633 0.710938 0.037109 0.039062
0 0.679688 0.753906 0.042969 0.042969
0 0.781250 0.767578 0.039062 0.035156
0 0.806641 0.707031 0.039062 0.039062
0 0.846680 0.746094 0.041016 0.042969
0 0.938477 0.674805 0.119141 0.119141
0 0.723633 0.456055 0.119141 0.119141
0 0.978516 0.398438 0.042969 0.113281
