2 0.166016 0.166992 0.171875 0.181641
2 0.027344 0.321289 -0.054688 -0.166016
2 0.414062 0.168945 0.175781 0.185547
2 0.658203 0.167969 0.175781 0.183594
2 0.873047 0.318359 0.171875 0.175781
2 0.670898 0.460938 0.173828 0.175781
2 0.964844 0.524414 -0.070312 -0.177734
2 0.810547 0.666016 0.175781 0.183594
2 0.467773 0.603516 0.173828 0.179688
2 0.609375 0.807617 0.175781 0.181641
2 0.405273 0.927734 0.173828 0.140625
2 0.264648 0.747070 0.173828 0.185547
2 0.076172 0.890625 -0.148438 -0.179688
2 0.123047 0.542969 0.175781 0.179688
2 0.325195 0.402344 0.173828 0.183594
