2 0.129883 0.417969 0.169922 0.171875
2 0.372070 0.418945 0.166016 0.177734
2 0.235352 0.634766 0.169922 0.171875
2 0.477539 0.631836 0.169922 0.169922
2 0.610352 0.418945 0.169922 0.173828
2 0.716797 0.632812 0.167969 0.171875
2 0.850586 0.417969 0.166016 0.167969
2 0.936523 0.632812 0.126953 0.171875
2 0.948242 0.204102 0.103516 0.173828
2 0.740234 0.202148 0.167969 0.169922
2 0.667969 0.031250 -0.156250 -0.062500
2 0.426758 0.032227 -0.162109 -0.060547
2 0.497070 0.204102 0.169922 0.169922
2 0.256836 0.207031 0.169922 0.167969
2 0.186523 0.031250 -0.162109 -0.062500
