2 0.387695 0.756836 0.166016 0.173828
2 0.599609 0.753906 0.167969 0.171875
2 0.599609 0.540039 0.160156 0.166016
2 0.383789 0.541992 0.169922 0.169922
2 0.168945 0.541992 0.169922 0.169922
2 0.169922 0.327148 0.164062 0.169922
2 0.380859 0.327148 0.167969 0.169922
2 0.596680 0.328125 0.166016 0.167969
2 0.805664 0.087891 0.173828 -0.164062
2 0.965820 0.080078 0.068359 -0.152344
2 0.591797 0.064453 -0.171875 -0.125000
2 0.379883 0.041992 -0.166016 -0.080078
2 0.164062 0.018555 -0.140625 -0.037109
