2 0.373047 0.848633 0.109375 0.099609
2 0.342773 0.708008 0.087891 0.080078
2 0.311523 0.568359 0.107422 0.101562
2 0.594727 0.649414 0.091797 0.080078
2 0.626953 0.791016 0.105469 0.101562
2 0.561523 0.507812 0.107422 0.101562
2 0.826172 0.442383 0.093750 0.076172
2 0.524414 0.343750 0.091797 0.082031
2 0.274414 0.400391 0.091797 0.082031
2 0.241211 0.251953 0.126953 0.117188
2 0.492188 0.193359 0.128906 0.117188
2 0.786133 0.267578 0.173828 0.171875
2 0.729492 0.056641 0.201172 -0.109375
2 0.452148 0.038086 0.158203 -0.076172
2 0.201172 0.059570 0.132812 -0.115234
