2 0.118164 0.047852 0.087891 0.087891
2 0.237305 0.042969 0.080078 0.078125
2 0.348633 0.041016 0.080078 0.078125
2 0.459961 0.040039 0.076172 0.076172
2 0.537109 0.204102 0.109375 0.111328
2 0.694336 0.201172 0.107422 0.109375
2 0.353516 0.238281 0.136719 0.128906
2 0.201172 0.204102 0.058594 0.052734
2 0.203125 0.284180 0.058594 0.052734
2 0.107422 0.284180 0.050781 0.044922
2 0.108398 0.207031 0.060547 0.054688
2 0.114258 0.426758 0.064453 0.060547
2 0.213867 0.424805 0.064453 0.056641
2 0.325195 0.409180 0.087891 0.083984
2 0.493164 0.403320 0.134766 0.134766
2 0.759766 0.375000 0.156250 0.156250
2 0.141602 0.668945 0.111328 0.111328
2 0.293945 0.671875 0.099609 0.093750
2 0.431641 0.669922 0.097656 0.093750
2 0.564453 0.672852 0.085938 0.083984
2 0.566406 0.809570 0.085938 0.083984
2 0.298828 0.820312 0.097656 0.097656
2 0.147461 0.828125 0.115234 0.109375
2 0.159180 0.990234 0.091797 0.019531
2 0.350586 0.986328 0.099609 0.027344
2 0.687500 0.670898 0.085938 0.083984
2 0.677734 0.794922 0.062500 0.058594
