2 0.103516 0.020508 0.128906 -0.041016
2 0.312500 0.019531 0.121094 -0.039062
2 0.501953 0.020508 0.109375 -0.041016
2 0.092773 0.167969 0.142578 0.136719
2 0.283203 0.164062 0.132812 0.132812
2 0.466797 0.147461 0.113281 0.111328
2 0.624023 0.145508 0.111328 0.111328
2 0.627930 0.352539 0.111328 0.107422
2 0.630859 0.510742 0.113281 0.107422
2 0.466797 0.355469 0.109375 0.109375
2 0.473633 0.507812 0.099609 0.097656
2 0.316406 0.364258 0.097656 0.095703
2 0.320312 0.510742 0.101562 0.095703
2 0.048828 0.375000 0.089844 0.089844
