2 0.159180 0.120117 0.138672 0.134766
2 0.163086 0.313477 0.138672 0.130859
2 0.357422 0.311523 0.136719 0.130859
2 0.349609 0.112305 0.140625 0.134766
2 0.513672 0.128906 0.097656 0.093750
2 0.648438 0.277344 0.078125 0.074219
2 0.773438 0.278320 0.082031 0.083984
2 0.156250 0.597656 0.113281 0.109375
2 0.160156 0.757812 0.109375 0.109375
2 0.627930 0.590820 0.115234 0.107422
2 0.786133 0.587891 0.111328 0.109375
2 0.630859 0.750977 0.113281 0.111328
2 0.790039 0.747070 0.107422 0.107422
2 0.317383 0.951172 0.111328 0.093750
2 0.476562 0.948242 0.117188 0.095703
2 0.636719 0.947266 0.109375 0.097656
2 0.794922 0.946289 0.113281 0.103516
