2 0.268555 0.541992 0.064453 0.068359
2 0.257812 0.631836 0.039062 0.037109
2 0.206055 0.630859 0.044922 0.042969
2 0.152344 0.627930 0.042969 0.041016
2 0.096680 0.627930 0.041016 0.041016
2 0.154297 0.682617 0.042969 0.044922
2 0.479492 0.403320 0.083984 0.083984
2 0.467773 0.501953 0.044922 0.042969
2 0.532227 0.487305 0.044922 0.044922
2 0.710938 0.328125 0.085938 0.089844
2 0.897461 0.067383 0.072266 0.072266
2 0.984375 0.055664 0.027344 0.072266
2 0.680664 0.935547 0.099609 0.101562
2 0.506836 0.987305 0.099609 0.021484
