2 0.057617 0.125977 -0.111328 -0.126953
2 0.296875 0.126953 0.125000 0.128906
2 0.498047 0.081055 0.105469 0.115234
2 0.499023 0.247070 0.123047 0.126953
2 0.295898 0.291992 0.072266 0.076172
2 0.052734 0.292969 -0.101562 -0.109375
2 0.051758 0.445312 -0.099609 -0.109375
2 0.295898 0.445312 0.103516 0.109375
2 0.497070 0.432617 0.123047 0.126953
2 0.496094 0.725586 0.085938 0.095703
2 0.752930 0.727539 0.087891 0.095703
2 0.752930 0.591797 0.087891 0.093750
2 0.750977 0.432617 0.119141 0.123047
2 0.753906 0.248047 0.121094 0.128906
2 0.940430 0.226562 0.083984 0.093750
2 0.941406 0.091797 0.085938 0.093750
2 0.753906 0.083008 0.105469 0.111328
