2 0.047852 0.428711 0.080078 0.107422
2 0.139648 0.369141 0.080078 0.101562
2 0.260742 0.143555 0.103516 0.134766
2 0.331055 0.260742 0.099609 0.126953
2 0.233398 0.581055 0.158203 0.189453
2 0.093750 0.811523 0.160156 0.189453
2 0.229492 0.951172 0.083984 0.097656
2 0.382812 0.825195 0.175781 0.197266
2 0.500000 0.616211 0.121094 0.103516
2 0.572266 0.727539 0.121094 0.107422
2 0.642578 0.842773 0.128906 0.111328
2 0.713867 0.951172 0.123047 0.097656
2 0.683594 0.651367 0.097656 0.080078
2 0.733398 0.731445 0.091797 0.076172
2 0.782227 0.811523 0.095703 0.076172
2 0.831055 0.892578 0.095703 0.074219
2 0.913086 0.497070 0.166016 0.146484
2 0.401367 0.373047 0.107422 0.128906
2 0.510742 0.326172 0.123047 0.101562
2 0.377930 0.073242 0.111328 0.126953
2 0.670898 0.212891 0.111328 0.093750
2 0.772461 0.315430 0.138672 0.111328
2 0.897461 0.237305 0.138672 0.115234
2 0.770508 0.151367 0.103516 0.087891
2 0.870117 0.089844 0.107422 0.089844
2 0.979492 0.162109 0.041016 0.109375
2 0.954102 0.038086 0.091797 -0.076172
2 0.672852 0.034180 0.119141 -0.068359
2 0.536133 0.022461 0.123047 -0.044922
2 0.971680 0.683594 0.056641 0.136719
