2 0.208008 0.127930 0.099609 0.107422
2 0.092773 0.182617 0.103516 0.107422
2 0.260742 0.245117 0.099609 0.107422
2 0.145508 0.296875 0.099609 0.109375
2 0.355469 0.486328 0.085938 0.097656
2 0.416016 0.612305 0.125000 0.130859
2 0.227539 0.546875 0.099609 0.109375
2 0.282227 0.670898 0.103516 0.107422
2 0.740234 0.630859 0.125000 0.128906
2 0.800781 0.763672 0.125000 0.132812
2 0.958984 0.687500 0.082031 0.136719
2 0.922852 0.548828 0.126953 0.132812
2 0.551758 0.211914 0.126953 0.130859
2 0.610352 0.344727 0.126953 0.130859
2 0.731445 0.128906 0.123047 0.128906
2 0.793945 0.259766 0.123047 0.132812
2 0.046875 0.705078 0.070312 0.074219
2 0.085938 0.789062 0.070312 0.074219
2 0.020508 0.826172 -0.044922 -0.078125
