2 0.261719 0.368164 0.058594 0.064453
2 0.323242 0.381836 0.060547 0.064453
2 0.383789 0.394531 0.060547 0.066406
2 0.371094 0.458008 0.058594 0.068359
2 0.308594 0.444336 0.058594 0.068359
2 0.249023 0.430664 0.060547 0.068359
2 0.225586 0.533203 0.056641 0.066406
2 0.285156 0.545898 0.054688 0.064453
2 0.346680 0.558594 0.056641 0.066406
2 0.333008 0.622070 0.056641 0.064453
2 0.272461 0.608398 0.056641 0.064453
2 0.212891 0.595703 0.058594 0.066406
2 0.665039 0.713867 0.068359 0.076172
2 0.757812 0.729492 0.078125 0.083984
2 0.876953 0.817383 0.042969 0.048828
