2 0.212891 0.628906 0.050781 0.042969
2 0.167969 0.671875 0.050781 0.039062
2 0.308594 0.773438 0.050781 0.046875
2 0.336914 0.833008 0.052734 0.041016
2 0.406250 0.833008 0.054688 0.044922
2 0.499023 0.705078 0.103516 0.089844
2 0.389648 0.643555 0.099609 0.087891
2 0.451172 0.537109 0.097656 0.085938
2 0.550781 0.484375 0.074219 0.062500
2 0.646484 0.528320 0.066406 0.056641
2 0.510742 0.064453 0.064453 0.062500
2 0.472656 0.147461 0.078125 0.068359
2 0.643555 0.115234 0.099609 0.082031
2 0.588867 0.212891 0.087891 0.085938
2 0.735352 0.340820 0.103516 0.087891
2 0.838867 0.400391 0.087891 0.074219
2 0.813477 0.205078 0.072266 0.054688
