2 0.429688 0.370117 0.132812 0.107422
2 0.520508 0.279297 0.134766 0.109375
2 0.625977 0.384766 0.138672 0.109375
2 0.535156 0.476562 0.136719 0.105469
2 0.709961 0.467773 0.119141 0.083984
2 0.620117 0.558594 0.119141 0.085938
2 0.694336 0.096680 0.087891 0.064453
2 0.753906 0.155273 0.085938 0.060547
2 0.814453 0.213867 0.085938 0.064453
2 0.634766 0.155273 0.082031 0.064453
2 0.695312 0.216797 0.085938 0.066406
2 0.752930 0.275391 0.083984 0.066406
2 0.874023 0.273438 0.087891 0.062500
2 0.813477 0.334961 0.087891 0.064453
2 0.883789 0.080078 0.107422 0.078125
2 0.963867 0.172852 0.072266 0.080078
2 0.949219 0.025391 0.101562 -0.050781
