2 0.838867 0.317383 0.064453 0.076172
2 0.767578 0.355469 0.058594 0.062500
2 0.710938 0.416992 0.054688 0.064453
2 0.662109 0.468750 0.058594 0.066406
2 0.605469 0.522461 0.066406 0.076172
2 0.654297 0.617188 0.062500 0.070312
2 0.736328 0.532227 0.093750 0.095703
2 0.818359 0.448242 0.093750 0.095703
2 0.907227 0.376953 0.080078 0.082031
2 0.271484 0.810547 0.109375 0.113281
2 0.377930 0.695312 0.103516 0.113281
2 0.207031 0.481445 0.152344 0.158203
2 0.058594 0.621094 -0.117188 -0.152344
2 0.541016 0.125000 0.171875 0.171875
2 0.850586 0.673828 0.064453 0.070312
