2 0.190430 0.145508 0.173828 0.169922
2 0.049805 0.334961 -0.099609 -0.185547
2 0.112305 0.680664 0.181641 0.181641
2 0.277344 0.482422 0.179688 0.187500
2 0.443359 0.223633 0.089844 0.087891
2 0.364258 0.307617 0.087891 0.091797
2 0.446289 0.383789 0.087891 0.087891
2 0.526367 0.301758 0.087891 0.091797
2 0.607422 0.384766 0.085938 0.093750
2 0.528320 0.464844 0.087891 0.089844
2 0.453125 0.557617 0.066406 0.072266
2 0.392578 0.620117 0.066406 0.068359
2 0.333984 0.681641 0.062500 0.066406
2 0.272461 0.759766 0.044922 0.050781
2 0.228516 0.805664 0.042969 0.048828
2 0.672852 0.530273 0.064453 0.068359
2 0.734375 0.586914 0.062500 0.060547
2 0.700195 0.682617 0.068359 0.072266
2 0.777344 0.669922 0.054688 0.058594
2 0.822266 0.622070 0.054688 0.060547
2 0.868164 0.573242 0.052734 0.056641
