2 0.074219 0.263672 0.113281 0.121094
2 0.171875 0.151367 0.117188 0.123047
2 0.266602 0.048828 0.115234 -0.097656
2 0.708008 0.127930 0.181641 0.185547
2 0.545898 0.311523 0.181641 0.185547
2 0.393555 0.491211 0.177734 0.185547
2 0.588867 0.660156 0.177734 0.183594
2 0.739258 0.480469 0.177734 0.179688
2 0.901367 0.297852 0.181641 0.189453
2 0.985352 0.109375 0.033203 0.136719
2 0.868164 0.018555 -0.138672 -0.037109
2 0.242188 0.788086 0.078125 0.087891
2 0.144531 0.903320 0.078125 0.087891
2 0.355469 0.889648 0.078125 0.087891
2 0.258789 0.980469 0.080078 0.042969
