2 0.311523 0.489258 0.181641 0.181641
2 0.089844 0.629883 -0.179688 -0.181641
2 0.222656 0.823242 0.179688 0.181641
2 0.355469 0.960938 0.179688 0.078125
2 0.579102 0.873047 0.181641 0.183594
2 0.714844 0.983398 0.113281 0.033203
2 0.878906 0.926758 0.144531 0.142578
2 0.771484 0.738281 0.183594 0.179688
2 0.446289 0.681641 0.181641 0.183594
2 0.637695 0.547852 0.181641 0.181641
2 0.502930 0.355469 0.181641 0.183594
2 0.859375 0.404297 0.183594 0.183594
2 0.725586 0.211914 0.181641 0.181641
2 0.912109 0.084961 0.175781 -0.169922
2 0.980469 0.268555 0.042969 0.150391
