2 0.192383 0.505859 0.087891 0.085938
2 0.106445 0.567383 0.091797 0.083984
2 0.028320 0.707031 -0.056641 -0.058594
2 0.068359 0.772461 -0.062500 -0.060547
2 0.166016 0.654297 0.089844 0.085938
2 0.250977 0.592773 0.064453 0.060547
2 0.314453 0.680664 -0.089844 -0.083984
2 0.226562 0.740234 0.089844 0.082031
2 0.516602 0.273438 0.064453 0.062500
2 0.560547 0.335938 0.066406 0.058594
2 0.501953 0.379883 0.066406 0.060547
2 0.603516 0.402344 0.058594 0.054688
2 0.542969 0.444336 0.058594 0.052734
2 0.590820 0.508789 0.068359 0.060547
2 0.650391 0.465820 0.066406 0.056641
2 0.694336 0.245117 0.068359 0.060547
2 0.738281 0.308594 0.066406 0.058594
2 0.961914 0.822266 0.064453 0.058594
