2 0.118164 0.422852 0.080078 0.083984
2 0.058594 0.508789 0.082031 0.076172
2 0.254883 0.580078 0.193359 0.191406
2 0.109375 0.794922 0.191406 0.195312
2 0.320312 0.923828 0.191406 0.152344
2 0.466797 0.727539 0.191406 0.189453
2 0.662109 0.582031 0.062500 0.070312
2 0.733398 0.527344 0.064453 0.066406
2 0.784180 0.430664 0.091797 0.091797
2 0.622070 0.451172 0.064453 0.062500
2 0.573242 0.520508 0.064453 0.060547
2 0.481445 0.457031 0.064453 0.066406
2 0.529297 0.388672 0.066406 0.066406
2 0.750977 0.262695 0.091797 0.091797
2 0.852539 0.333008 0.091797 0.095703
2 0.681641 0.360352 0.093750 0.091797
2 0.590820 0.297852 0.064453 0.064453
2 0.858398 0.109375 0.091797 0.089844
2 0.955078 0.180664 0.085938 0.095703
2 0.331055 0.089844 0.068359 0.066406
2 0.401367 0.136719 0.060547 0.066406
2 0.469727 0.186523 0.064453 0.068359
2 0.281250 0.162109 0.066406 0.066406
2 0.350586 0.209961 0.064453 0.068359
2 0.420898 0.257812 0.064453 0.066406
2 0.199219 0.197266 0.046875 0.046875
2 0.164062 0.250000 0.042969 0.042969
2 0.210938 0.280273 0.046875 0.044922
2 0.291992 0.259766 0.044922 0.046875
2 0.256836 0.312500 0.044922 0.042969
2 0.339844 0.294922 0.039062 0.042969
2 0.387695 0.328125 0.041016 0.046875
2 0.301758 0.344727 0.044922 0.048828
2 0.352539 0.378906 0.044922 0.046875
