2 0.540039 0.140625 0.087891 0.078125
2 0.487305 0.238281 0.083984 0.078125
2 0.718750 0.211914 0.203125 0.189453
2 0.915039 0.336914 0.166016 0.193359
2 0.577148 0.459961 0.201172 0.193359
2 0.791992 0.583984 0.205078 0.195312
2 0.953125 0.708984 0.097656 0.195312
2 0.059570 0.540039 -0.123047 -0.166016
2 0.095703 0.863281 0.179688 0.164062
2 0.216797 0.651367 0.179688 0.169922
2 0.406250 0.758789 0.179688 0.169922
2 0.592773 0.866211 0.177734 0.169922
2 0.782227 0.945312 0.177734 0.109375
2 0.288086 0.945312 0.181641 0.109375
