2 0.717773 0.102539 0.111328 0.107422
2 0.477539 0.242188 0.111328 0.109375
2 0.503906 0.029297 -0.109375 -0.058594
2 0.030273 0.290039 -0.064453 -0.103516
2 0.105469 0.455078 0.105469 0.101562
2 0.227539 0.386719 0.103516 0.101562
2 0.018555 0.528320 -0.037109 -0.099609
2 0.080078 0.690430 0.101562 0.099609
2 0.199219 0.621094 0.101562 0.101562
2 0.321289 0.548828 0.103516 0.097656
2 0.474609 0.811523 0.113281 0.111328
2 0.364258 0.876953 0.111328 0.117188
2 0.436523 0.972656 0.111328 0.058594
2 0.543945 0.934570 0.107422 0.107422
2 0.134766 0.220703 0.105469 0.101562
2 0.945312 0.935547 0.078125 0.074219
