2 0.214844 0.493164 0.082031 0.091797
2 0.313477 0.647461 0.087891 0.095703
2 0.515625 0.496094 0.089844 0.089844
2 0.601562 0.628906 0.093750 0.089844
2 0.397461 0.780273 0.091797 0.091797
2 0.612305 0.788086 0.091797 0.091797
2 0.491211 0.887695 0.091797 0.087891
2 0.161133 0.847656 0.095703 0.093750
2 0.089844 0.733398 0.078125 0.080078
2 0.029297 0.626953 -0.058594 -0.078125
2 0.050781 0.883789 0.054688 0.056641
2 0.103516 0.964844 0.050781 0.054688
2 0.235352 0.957031 0.091797 0.085938
2 0.800781 0.501953 0.093750 0.093750
